"TOA5","Kanga_Met","CR800","8642","CR800.Std.10","CPU:Kangaloon-weather station-jan2012.CR8","43544","TenMinOutput"
"TIMESTAMP","RECORD","Batt_Volt_Avg","AirTC_Avg","RH_Avg","Vap_Avg","WindSpd_Avg","WindDir_Avg","WindSpd_S_WVT","WindDir_D1_WVT","WindDir_SD1_WVT","NSR_Avg","CNSR_Avg","PTemp_Avg","Rain_mm_Tot","ps_Avg"
"TS","RN","Volts","Deg C","%","kPa","meters/second","Degrees","meters/second","meters/second","meters/second","W/m^2","Watts/meter^2","Deg C","mm","kPa"
"","","Avg","Avg","Avg","Avg","Avg","Avg","WVc","WVc","WVc","Avg","Avg","Avg","Tot","Avg"
"2012-05-31 15:30:00",21031,14.21315,12.59833,72.6666,1.059349,0.2809167,92.50606,0.2809162,79.93634,9.096895,44.05996,44.05996,14.58601,0,95.62167
"2012-05-31 15:40:00",21032,12.85548,12.39719,73.73927,1.060875,0.3395833,76.95239,0.3395827,80.4603,15.8225,39.01976,39.01976,14.28345,0,95.6207
"2012-05-31 15:50:00",21033,13.02325,12.33937,74.27839,1.064584,0.09183333,88.59566,0.09183338,98.46618,3.977357,26.28741,26.28741,14.11843,0,95.61562
"2012-05-31 16:00:00",21034,13.12286,12.33461,75.01013,1.074736,0.003166667,76.74698,0.003166667,82.67747,0,19.05616,19.05616,13.88471,0,95.61573
"2012-05-31 16:10:00",21035,13.16101,12.18937,76.00322,1.078597,0.01108333,102.5506,0.01108333,92.4179,0.4036829,9.774106,9.774106,13.59199,0,95.60249
"2012-05-31 16:20:00",21036,13.17737,11.98144,77.29845,1.08204,0.06458332,97.25457,0.06458336,102.0818,2.252053,3.781544,3.781544,13.30408,0,95.59174
"2012-05-31 16:30:00",21037,13.18355,11.83461,78.15583,1.083503,0.09716666,99.03233,0.09716672,96.07934,6.607147,-8.570525,-8.570525,13.00905,0,95.5853
"2012-05-31 16:40:00",21038,13.17582,11.68461,78.72601,1.080633,0,46.60071,0,0,0,-35.98629,-35.98629,12.59926,0,95.58044
"2012-05-31 16:50:00",21039,13.15957,11.13302,81.06467,1.07273,0.1459167,58.42669,0.1459166,89.83068,2.665101,-43.86525,-43.86525,11.93964,0,95.57396
"2012-05-31 17:00:00",21040,13.14371,10.56035,83.81898,1.067766,0,67.02358,0,0,0,-48.86282,-48.86282,11.1128,0,95.56332
"2012-05-31 17:10:00",21041,13.12908,10.17656,85.40276,1.060401,0.2168333,142.6372,0.2168331,246.4198,2.198861,-51.32069,-51.32069,10.25862,0,95.55511
"2012-05-31 17:20:00",21042,13.11598,9.520432,86.86888,1.032187,0.4915833,109.6774,0.4915832,19.61387,45.3977,-59.84707,-59.84707,9.433837,0,95.54624
"2012-05-31 17:30:00",21043,13.1055,9.253047,88.48959,1.03269,0.04591667,95.94999,0.04591668,35.47476,0.009724921,-58.79688,-58.79688,8.623756,0,95.53105
"2012-05-31 17:40:00",21044,13.09451,8.912724,89.13931,1.016652,0.69875,106.1883,0.6987526,33.35957,4.339045,-60.1489,-60.1489,7.845038,0,95.52792
"2012-05-31 17:50:00",21045,13.0829,8.540103,90.118,1.002223,0.3713333,58.02593,0.3713326,57.37014,6.976862,-59.02799,-59.02799,7.187517,0,95.52279
"2012-05-31 18:00:00",21046,13.07108,8.356323,90.943,0.998852,0.1663333,39.95327,0.1663332,46.13761,8.40508,-59.28874,-59.28874,6.705227,0,95.52873
"2012-05-31 18:10:00",21047,13.05965,8.317674,91.38062,1.001036,0,54.09588,0,0,0,-58.17469,-58.17469,6.358972,0,95.53252
"2012-05-31 18:20:00",21048,13.04836,8.106378,91.7051,0.9902758,0,59.44273,0,0,0,-45.11834,-45.11834,6.016777,0,95.53619
"2012-05-31 18:30:00",21049,13.03789,8.110121,92.30814,0.9970749,0.1088333,97.11358,0.1088334,101.0336,7.551754,-3.256516,-3.256516,5.943943,0,95.55057
"2012-05-31 18:40:00",21050,13.02716,8.346709,92.81874,1.018811,0.038,114.9358,0.03800001,85.91245,3.901301,-1.912169,-1.912169,6.306357,0,95.55618
"2012-05-31 18:50:00",21051,13.01817,8.577626,93.10092,1.038025,0.08791666,107.3423,0.0879167,132.6843,3.813029,-3.264657,-3.264657,6.778382,0,95.56564
"2012-05-31 19:00:00",21052,13.00861,8.741628,93.31506,1.052025,0.01108333,139.1398,0.01108333,133.3198,0.02147398,-5.06995,-5.06995,7.202119,0,95.58001
"2012-05-31 19:10:00",21053,12.99968,8.832134,93.46136,1.060164,0.1633333,131.8739,0.1633332,119.6838,10.36924,-3.960802,-3.960802,7.562722,0,95.58585
"2012-05-31 19:20:00",21054,12.99098,9.020294,93.69092,1.076347,0.05016667,131.6423,0.05016668,116.6762,1.688236,-2.895222,-2.895222,7.863455,0,95.59806
"2012-05-31 19:30:00",21055,12.98248,9.090853,93.77625,1.082476,0.038,135.3548,0.03800001,140.116,1.687733,-3.561134,-3.561134,8.128959,0,95.59666
"2012-05-31 19:40:00",21056,12.97396,9.162475,93.89092,1.089047,0.2644167,115.6636,0.2644163,118.2687,20.2494,-4.527386,-4.527386,8.347996,0,95.61351
"2012-05-31 19:50:00",21057,12.96531,9.033844,93.86301,1.079322,0.09033333,170.3207,0.09033337,137.9451,6.981181,-8.687198,-8.687198,8.518845,0,95.62145
"2012-05-31 20:00:00",21058,12.95643,9.034382,94.00661,1.081003,0.01425,94.34567,0.01425,101.3575,0.4093806,-30.36394,-30.36394,8.565135,0,95.62583
"2012-05-31 20:10:00",21059,12.94892,8.824071,93.84563,1.063981,0.01108333,111.9193,0.01108333,233.1658,0,-31.12512,-31.12512,8.42693,0,95.63907
"2012-05-31 20:20:00",21060,12.9403,8.186203,93.6011,1.016265,0.001583333,233.1653,0.001583333,233.1658,0,-35.57236,-35.57236,8.129752,0,95.63134
"2012-05-31 20:30:00",21061,12.9315,7.964274,93.8857,1.004051,0,233.1658,0,0,0,-33.69516,-33.69516,7.704994,0,95.62469
"2012-05-31 20:40:00",21062,12.92216,7.889673,94.0376,1.00058,0,233.1656,0,0,0,-25.76046,-25.76046,7.242047,0,95.62356
"2012-05-31 20:50:00",21063,12.91227,8.04785,94.27444,1.013962,0,233.7768,0,0,0,-14.32665,-14.32665,6.943021,0,95.63097
"2012-05-31 21:00:00",21064,12.90249,7.987176,94.28318,1.00988,0,234.6045,0,0,0,-13.11058,-13.11058,6.873094,0,95.63783
"2012-05-31 21:10:00",21065,12.89243,7.897236,94.30678,1.003964,0,234.6045,0,0,0,-14.28432,-14.28432,6.874337,0,95.63318
"2012-05-31 21:20:00",21066,12.88319,7.699096,94.32016,0.9906282,0,234.6045,0,0,0,-10.88643,-10.88643,6.885571,0,95.63621
"2012-05-31 21:30:00",21067,12.87334,7.619704,94.46987,0.9868414,0,202.4754,0,0,0,-10.39444,-10.39444,6.934063,0,95.64252
"2012-05-31 21:40:00",21068,12.86446,7.694333,94.62695,0.993526,0,202.0112,0,0,0,-14.5726,-14.5726,6.997193,0,95.63248
"2012-05-31 21:50:00",21069,12.8543,7.512979,94.60631,0.981086,0.0095,182.0164,0.0095,246.1301,0.003956468,-18.8325,-18.8325,7.020319,0,95.61546
"2012-05-31 22:00:00",21070,12.84534,7.396725,94.69138,0.9741942,0.1409167,92.21464,0.1409166,49.08054,1.618282,-12.16059,-12.16059,6.988843,0.2,95.61421
"2012-05-31 22:10:00",21071,12.83609,7.406252,94.80411,0.9759856,0,47.09355,0,0,0,-18.31068,-18.31068,6.980137,0,95.61573
"2012-05-31 22:20:00",21072,12.82723,7.506627,94.91027,0.9838271,0.09624999,38.62295,0.09625005,42.59729,1.521901,-25.93743,-25.93743,6.90707,0,95.62113
"2012-05-31 22:30:00",21073,12.81985,7.695353,95.02391,0.9977767,0,28.77182,0,0,0,-8.361192,-8.361192,6.799438,0,95.62194
"2012-05-31 22:40:00",21074,12.81154,7.484397,94.94884,0.9827154,0,28.77342,0,0,0,-6.07769,-6.07769,6.802755,0,95.61919
"2012-05-31 22:50:00",21075,12.80355,7.264821,94.90097,0.9675738,0,188.7841,0,0,0,-9.349289,-9.349289,6.872664,0,95.61919
"2012-05-31 23:00:00",21076,12.79818,7.158889,94.92887,0.9608591,0,240.1675,0,0,0,-7.952731,-7.952731,6.930848,0,95.61978
"2012-05-31 23:10:00",21077,12.79156,7.140856,94.98444,0.9602313,0,240.1675,0,0,0,-7.458561,-7.458561,6.972449,0,95.614
"2012-05-31 23:20:00",21078,12.78713,7.161612,95.01847,0.9619434,0,240.1675,0,0,0,-7.203069,-7.203069,7.005484,0,95.5966
"2012-05-31 23:30:00",21079,12.78075,7.235106,95.07155,0.9673402,0,240.1675,0,0,0,-5.303189,-5.303189,7.039593,0,95.58876
"2012-05-31 23:40:00",21080,12.77798,7.420203,95.17782,0.9807768,0,240.1675,0,0,0,-3.526364,-3.526364,7.091183,0,95.58185
"2012-05-31 23:50:00",21081,12.77367,7.52931,95.20901,0.988435,0,240.1675,0,0,0,-3.05678,-3.05678,7.173905,0,95.56213
"2012-06-01 00:00:00",21082,12.76913,7.619591,95.22694,0.9947528,0,240.1675,0,0,0,-4.720298,-4.720298,7.263104,0,95.55224
"2012-06-01 00:10:00",21083,12.76698,7.774178,95.26322,1.005688,0,240.1675,0,0,0,-5.648771,-5.648771,7.343468,0,95.52889
"2012-06-01 00:20:00",21084,12.76442,7.637851,95.20572,0.9957569,0,240.1675,0,0,0,-5.719829,-5.719829,7.431398,0,95.51009
"2012-06-01 00:30:00",21085,12.76141,7.636489,95.22081,0.9958292,0,240.1675,0,0,0,-7.305596,-7.305596,7.480869,0,95.4928
"2012-06-01 00:40:00",21086,12.7583,7.843477,95.29214,1.010744,0,240.1686,0,0,0,-17.75748,-17.75748,7.509525,0,95.48172
"2012-06-01 00:50:00",21087,12.75619,7.856179,95.28262,1.011514,0,240.3711,0,0,0,-27.33138,-27.33138,7.446269,0,95.46448
"2012-06-01 01:00:00",21088,12.75594,7.914249,95.28886,1.015592,0,274.0024,0,0,0,-40.92487,-40.92487,7.225439,0,95.45843
"2012-06-01 01:10:00",21089,12.75538,7.927745,95.28874,1.016551,0,103.6539,0,0,0,-41.55252,-41.55252,6.884337,0,95.44908
"2012-06-01 01:20:00",21090,12.75162,8.116358,95.34092,1.030303,0.05225,47.47289,0.05225002,33.85749,0.008679466,-38.74948,-38.74948,6.450343,0,95.44881
"2012-06-01 01:30:00",21091,12.75029,8.382776,95.40182,1.04971,0,33.68579,0,0,0,-37.47866,-37.47866,6.079626,0,95.44135
"2012-06-01 01:40:00",21092,12.74612,8.157075,95.26016,1.032415,0,33.66565,0,0,0,-14.48333,-14.48333,5.842653,0,95.43713
"2012-06-01 01:50:00",21093,12.74486,7.269245,94.94917,0.968465,0,33.66565,0,0,0,-31.81106,-31.81106,5.778826,0,95.42931
"2012-06-01 02:00:00",21094,12.74478,6.603372,94.99749,0.9255874,0,33.66565,0,0,0,-39.38269,-39.38269,5.622199,0,95.42547
"2012-06-01 02:10:00",21095,12.74236,6.464889,95.26447,0.9193423,0,33.66565,0,0,0,-37.36699,-37.36699,5.316933,0,95.4065
"2012-06-01 02:20:00",21096,12.73932,6.358617,95.40205,0.9139711,0,33.66565,0,0,0,-39.03947,-39.03947,5.011268,0,95.39931
"2012-06-01 02:30:00",21097,12.73658,6.266068,95.53883,0.9094619,0,33.6591,0,0,0,-32.6096,-32.6096,4.730692,0,95.3951
"2012-06-01 02:40:00",21098,12.73396,6.892132,95.63115,0.9504793,0,33.6632,0,0,0,-14.57463,-14.57463,4.569854,0,95.40221
"2012-06-01 02:50:00",21099,12.73393,6.898269,95.56429,0.9501719,0,33.66643,0,0,0,-25.68119,-25.68119,4.603534,0,95.39712
"2012-06-01 03:00:00",21100,12.7338,6.771672,95.55923,0.9418864,0,28.14034,0,0,0,-38.55033,-38.55033,4.614085,0,95.39684
"2012-06-01 03:10:00",21101,12.73074,6.739082,95.56141,0.939783,0,20.94751,0,0,0,-37.48602,-37.48602,4.511295,0,95.39442
"2012-06-01 03:20:00",21102,12.72837,6.256698,95.5622,0.9091477,0,20.04619,0,0,0,-12.89685,-12.89685,4.41431,0,95.38235
"2012-06-01 03:30:00",21103,12.72862,5.622353,95.62777,0.8706267,0,20.02831,0,0,0,-22.24655,-22.24655,4.443439,0,95.38208
"2012-06-01 03:40:00",21104,12.72616,5.698407,95.79911,0.8768216,0,20.0392,0,0,0,-18.94274,-18.94274,4.450704,0,95.37707
"2012-06-01 03:50:00",21105,12.72286,5.921426,95.86237,0.8910336,0,19.9701,0,0,0,-21.39013,-21.39013,4.45064,0,95.36803
"2012-06-01 04:00:00",21106,12.7227,6.394053,95.8768,0.9207909,0,20.0362,0,0,0,-22.7785,-22.7785,4.463208,0,95.37418
"2012-06-01 04:10:00",21107,12.7227,6.619159,95.82185,0.9346108,0,20.04632,0,0,0,-32.25693,-32.25693,4.507625,0,95.36198
"2012-06-01 04:20:00",21108,12.7226,6.886711,95.73735,0.9511365,0,20.00554,0,0,0,-32.18675,-32.18675,4.479346,0,95.36221
"2012-06-01 04:30:00",21109,12.72199,6.318377,95.73826,0.9147028,0,19.97294,0,0,0,-26.34651,-26.34651,4.421712,0,95.36298
"2012-06-01 04:40:00",21110,12.72008,5.874053,95.81328,0.8876578,0,20.00422,0,0,0,-27.14256,-27.14256,4.350191,0,95.35686
"2012-06-01 04:50:00",21111,12.71769,5.551217,95.87773,0.8686129,0,20.00054,0,0,0,-29.58912,-29.58912,4.251474,0,95.35869
"2012-06-01 05:00:00",21112,12.71779,5.177147,95.9659,0.8471537,0,19.95228,0,0,0,-28.38947,-28.38947,4.107451,0,95.34235
"2012-06-01 05:10:00",21113,12.71796,5.100007,96.11555,0.8438906,0,19.99472,0,0,0,-29.75706,-29.75706,3.94004,0,95.35158
"2012-06-01 05:20:00",21114,12.71546,6.074179,96.13145,0.9034356,0.038,17.67541,0.03800001,6.071185,0.02093567,-31.04945,-31.04945,3.798016,0,95.35841
"2012-06-01 05:30:00",21115,12.71401,6.949997,95.87093,0.9569294,0,249.2562,0,0,0,-30.6692,-30.6692,3.780145,0,95.36918
"2012-06-01 05:40:00",21116,12.71353,5.792831,95.96147,0.8843021,0,254.7599,0,0,0,-30.71838,-30.71838,3.812985,0,95.36938
"2012-06-01 05:50:00",21117,12.71321,5.105826,96.10748,0.844121,0,254.6105,0,0,0,-31.46948,-31.46948,3.752955,0,95.37184
"2012-06-01 06:00:00",21118,12.71352,5.02311,96.20604,0.8401306,0,254.3782,0,0,0,-34.7928,-34.7928,3.597305,0,95.38316
"2012-06-01 06:10:00",21119,12.71308,5.027116,96.27921,0.8409978,0,254.3814,0,0,0,-35.86229,-35.86229,3.399699,0,95.39632
"2012-06-01 06:20:00",21120,12.7112,5.213809,96.31055,0.852285,0,240.5197,0,0,0,-36.83388,-36.83388,3.231385,0,95.40654
"2012-06-01 06:30:00",21121,12.70847,4.876569,96.3364,0.8327597,0,233.6822,0,0,0,-36.5477,-36.5477,3.068681,0,95.41925
"2012-06-01 06:40:00",21122,12.70817,4.704216,96.42388,0.823486,0,233.6971,0,0,0,-34.42795,-34.42795,2.89043,0,95.42935
"2012-06-01 06:50:00",21123,12.7083,4.841429,96.4874,0.8319978,0,233.6929,0,0,0,-32.50747,-32.50747,2.729928,0,95.43295
"2012-06-01 07:00:00",21124,12.70759,5.249367,96.43546,0.8555203,0,233.7001,0,0,0,-30.53303,-30.53303,2.683351,0,95.43843
"2012-06-01 07:10:00",21125,12.70563,5.126963,96.45947,0.8484898,0,233.7001,0,0,0,-30.13064,-30.13064,2.653659,0,95.43955
"2012-06-01 07:20:00",21126,12.71077,5.242671,96.41908,0.8549855,0,257.8726,0,0,0,-24.06497,-24.06497,2.652134,0,95.43902
"2012-06-01 07:30:00",21127,12.72417,4.625024,96.47782,0.8194191,0,241.3845,0,0,0,-17.55042,-17.55042,2.652134,0,95.43379
"2012-06-01 07:40:00",21128,12.7516,4.502479,96.53658,0.8128937,0,241.4667,0,0,0,-6.490483,-6.490483,2.670058,0,95.43907
"2012-06-01 07:50:00",21129,12.78538,4.623693,96.55267,0.8199962,0,243.0394,0,0,0,-0.7603366,-0.7603366,2.763121,0,95.44204
"2012-06-01 08:00:00",21130,12.83471,5.176074,96.49246,0.8516641,0,243.0166,0,0,0,11.33141,11.33141,2.946708,0,95.45321
"2012-06-01 08:10:00",21131,12.90699,5.598076,96.40334,0.8762872,0,242.938,0,0,0,20.10639,20.10639,3.202078,0,95.45145
"2012-06-01 08:20:00",21132,13.05194,6.784065,96.17014,0.9490399,0,241.2456,0,0,0,52.8023,52.8023,3.549337,0,95.44817
"2012-06-01 08:30:00",21133,13.17471,8.196785,96.07214,1.04403,0,213.015,0,0,0,48.13891,48.13891,4.14454,0,95.45443
"2012-06-01 08:40:00",21134,13.44784,9.395948,96.08414,1.13239,0,111.181,0,0,0,85.55541,85.55541,4.999957,0,95.45891
"2012-06-01 08:50:00",21135,13.80788,10.02314,96.05476,1.180505,0,184.9266,0,0,0,108.1364,108.1364,5.976995,0,95.47289
"2012-06-01 09:00:00",21136,14.33027,10.2534,96.01285,1.198338,0,124.9568,0,0,0,141.3778,141.3778,6.88698,0,95.47098
"2012-06-01 09:10:00",21137,14.25394,10.50602,95.89878,1.217259,0.03408333,188.3135,0.03408333,14.69845,2.004325,155.8831,155.8831,7.741613,0,95.47108
"2012-06-01 09:20:00",21138,14.20738,10.83887,95.72948,1.242373,0.093,210.2558,0.09300005,255.8845,13.92992,144.458,144.458,8.702349,0,95.46633
"2012-06-01 09:30:00",21139,14.38875,11.06756,95.22696,1.254888,0.5095834,152.6695,0.5095837,349.5565,35.60201,228.6975,228.6975,9.551443,0,95.46347
"2012-06-01 09:40:00",21140,14.39752,11.68486,91.59449,1.257329,0.92975,180.2982,0.9297543,350.4247,45.3947,241.4077,241.4077,10.17081,0,95.45547
"2012-06-01 09:50:00",21141,14.39749,12.25595,86.32583,1.230438,1.1805,168.2909,1.180505,358.0587,49.58794,228.9168,228.9168,10.76904,0,95.45504
"2012-06-01 10:00:00",21142,14.3563,12.33665,83.73405,1.199873,1.202417,127.9687,1.202423,28.45705,50.91941,209.8365,209.8365,11.44066,0,95.45601
"2012-06-01 10:10:00",21143,14.35664,12.88847,80.10753,1.190229,1.191083,124.5673,1.191088,25.84725,42.10296,340.7706,340.7706,12.10023,0,95.45435
"2012-06-01 10:20:00",21144,14.3126,13.08064,75.31444,1.133206,1.39175,139.5754,1.391756,27.54637,46.40987,415.0984,415.0984,12.73437,0,95.4413
"2012-06-01 10:30:00",21145,14.30703,13.58314,71.90242,1.118088,1.32125,115.7625,1.321255,19.65408,41.13026,300.5594,300.5594,13.20212,0,95.42767
"2012-06-01 10:40:00",21146,14.30999,12.90128,73.35752,1.090895,1.532833,141.4609,1.53284,13.22817,42.81721,224.18,224.18,13.52325,0,95.42275
"2012-06-01 10:50:00",21147,14.3078,13.44527,71.53281,1.102095,1.451583,152.6985,1.451591,5.119738,32.98267,350.007,350.007,13.68806,0,95.40669
"2012-06-01 11:00:00",21148,14.30772,13.22169,72.35944,1.098809,1.370333,130.6426,1.370339,14.38684,40.23635,259.0144,259.0144,13.80096,0,95.39136
"2012-06-01 11:10:00",21149,14.30787,13.44198,71.94324,1.108301,1.405083,152.0745,1.405089,10.96728,33.91607,357.7017,357.7088,13.8179,0,95.37443
"2012-06-01 11:20:00",21150,14.30538,13.59946,70.67033,1.099946,2.02425,147.251,2.024249,7.745064,38.19175,367.8616,367.8806,13.95772,0,95.35598
"2012-06-01 11:30:00",21151,14.30384,13.87078,70.42067,1.115584,1.177417,138.0548,1.177421,18.93242,37.38622,302.7418,302.7418,14.20117,0,95.33157
"2012-06-01 11:40:00",21152,14.2817,13.76828,69.96387,1.10088,1.6975,99.39639,1.697508,28.52381,39.1892,208.0544,208.0544,14.51962,0,95.31905
"2012-06-01 11:50:00",21153,14.26244,14.00536,70.80071,1.131374,1.0645,146.7498,1.064504,10.15673,35.13931,249.097,249.097,14.75512,0,95.30064
"2012-06-01 12:00:00",21154,14.26179,14.50649,69.44074,1.146309,1.008583,150.7758,1.008587,6.04846,36.5747,298.2631,298.2631,15.13137,0,95.29034
"2012-06-01 12:10:00",21155,14.26359,14.04629,69.90559,1.119876,1.018,161.2948,1.018005,8.068935,47.96387,169.4682,169.4682,15.4785,0,95.26987
"2012-06-01 12:20:00",21156,14.26146,14.28699,70.09324,1.140706,0.6700833,155.0105,0.6700848,355.9705,35.27761,250.7403,250.7403,15.55462,0,95.26058
"2012-06-01 12:30:00",21157,14.25833,14.10423,68.67838,1.104461,1.67525,82.30147,1.675257,43.06916,39.45995,160.6409,160.6409,15.71917,0,95.24058
"2012-06-01 12:40:00",21158,14.25803,13.72112,71.31784,1.11887,0.7184166,146.3208,0.718419,10.86163,32.61602,112.7436,112.7436,15.63348,0,95.23402
"2012-06-01 12:50:00",21159,14.26605,13.63892,72.17159,1.126222,0.7465,107.9289,0.7465021,43.65913,25.82424,110.0052,110.0052,15.42954,0,95.22356
"2012-06-01 13:00:00",21160,14.26429,13.58178,73.01036,1.135054,0.7960833,195.336,0.7960865,357.5636,31.03526,129.5712,129.5712,15.22186,0,95.20628
"2012-06-01 13:10:00",21161,14.25537,13.67951,72.61069,1.136052,0.745,126.5702,0.7450026,24.3923,27.94293,122.5331,122.5331,15.08795,0,95.19984
"2012-06-01 13:20:00",21162,14.25721,13.62373,71.53031,1.115124,0.8975833,159.966,0.8975868,3.618974,34.45724,100.7965,100.7965,14.98836,0,95.19871
"2012-06-01 13:30:00",21163,14.25833,13.5193,72.47158,1.122118,0.8876666,88.72416,0.8876706,43.41448,26.70783,116.838,116.838,14.87761,0,95.1931
"2012-06-01 13:40:00",21164,14.25744,13.65014,72.398,1.130552,0.1838333,140.3554,0.1838332,105.5773,31.75753,98.41876,98.41876,14.8291,0,95.17522
"2012-06-01 13:50:00",21165,14.26424,13.76477,72.426,1.139453,0.4510833,225.194,0.4510828,348.2353,14.87837,122.7629,122.7629,14.77056,0,95.16706
"2012-06-01 14:00:00",21166,14.26008,13.93677,71.2506,1.133563,0.5135833,138.2197,0.5135835,21.02917,23.00966,177.2419,177.2419,14.84516,0,95.16036
"2012-06-01 14:10:00",21167,14.25828,14.07577,70.87181,1.137755,0.41875,157.7755,0.4187491,353.9586,38.01376,146.3992,146.3992,15.12079,0,95.15161
"2012-06-01 14:20:00",21168,14.25912,14.5159,70.1082,1.157957,0.4863333,81.72729,0.4863332,55.42697,20.38668,245.919,245.919,15.44886,0,95.13869
"2012-06-01 14:30:00",21169,14.25855,14.23064,70.66659,1.145907,0.9507499,99.1498,0.950754,65.15334,24.15829,99.3678,99.3678,16.00031,0,95.14854
"2012-06-01 14:40:00",21170,14.26246,13.59073,72.0963,1.12146,1.134167,137.877,1.134172,18.7712,31.19913,83.51533,83.51533,16.06437,0,95.15565
"2012-06-01 14:50:00",21171,14.25749,13.73518,73.44176,1.153212,0.38425,88.78336,0.3842493,35.92811,21.83389,71.29192,71.29192,15.80196,0,95.15171
"2012-06-01 15:00:00",21172,14.25243,13.49153,75.18735,1.161994,0.5550833,91.56305,0.5550842,34.44765,24.0309,38.00104,38.00104,15.47688,0,95.13248
"2012-06-01 15:10:00",21173,14.25819,13.2235,77.28133,1.173668,0.7705833,77.56767,0.7705861,34.33467,19.16465,20.49172,20.49172,15.02991,0,95.13632
"2012-06-01 15:20:00",21174,14.26497,12.98246,78.99438,1.180957,0.7772499,57.06808,0.7772525,46.94264,17.17087,31.1687,31.1687,14.57655,0,95.14005
"2012-06-01 15:30:00",21175,14.26263,13.04799,79.44052,1.192727,0.3891667,59.89977,0.389166,70.56091,11.03693,31.07987,31.07987,14.2135,0,95.13729
"2012-06-01 15:40:00",21176,14.2546,13.03665,80.08099,1.201459,0.1739167,84.4012,0.1739165,85.55553,11.82604,32.85561,32.85561,13.91507,0,95.13292
"2012-06-01 15:50:00",21177,14.08645,12.93711,79.64732,1.187198,0.345,71.23595,0.3449996,75.11484,14.90257,16.89253,16.89253,13.6689,0,95.1327
"2012-06-01 16:00:00",21178,13.9285,12.6972,80.36965,1.179271,0.6691667,60.82869,0.6691683,46.62548,29.09906,1.477572,1.477572,13.45778,0,95.13026
"2012-06-01 16:10:00",21179,13.88223,12.46465,81.39551,1.176225,1.28625,67.28575,1.286257,30.71182,23.88317,-4.037474,-4.037474,13.21311,0,95.12973
"2012-06-01 16:20:00",21180,13.84709,12.32236,82.16297,1.176265,0.025,147.0701,0.025,12.49707,2.907517,-15.60347,-15.60347,12.95601,0,95.12302
"2012-06-01 16:30:00",21181,13.80778,12.06613,83.26659,1.172108,0.1815,141.7239,0.1814998,32.59143,29.84146,-21.49351,-21.49351,12.57606,0,95.11956
"2012-06-01 16:40:00",21182,13.76419,11.80547,84.53407,1.169666,0.03958333,61.7154,0.03958334,40.30645,0.3395011,-24.84827,-24.84827,12.13279,0,95.12125
"2012-06-01 16:50:00",21183,13.71826,11.48824,85.87986,1.163614,0,39.49592,0,0,0,-22.99937,-22.99937,11.68915,0,95.13059
"2012-06-01 17:00:00",21184,13.67784,11.35252,86.9344,1.167372,0.02058333,31.35702,0.02058333,30.51548,1.398919,-10.74956,-10.74956,11.28893,0,95.1375
"2012-06-01 17:10:00",21185,13.64097,11.282,87.52772,1.169858,0.03133333,28.61852,0.03133333,32.12639,4.673184,-7.994596,-7.994596,11.07489,0,95.13978
"2012-06-01 17:20:00",21186,13.60542,11.41216,87.5928,1.180871,0.1286667,33.75054,0.1286667,27.24567,5.122378,-7.144047,-7.144047,10.98335,0,95.15588
"2012-06-01 17:30:00",21187,13.57178,11.41817,87.44382,1.179334,0,56.71783,0,0,0,-7.107368,-7.107368,10.97081,0,95.16512
"2012-06-01 17:40:00",21188,13.53936,11.38506,87.62363,1.179172,0.06175,31.82219,0.06175002,29.03078,5.065634,-6.469543,-6.469543,10.97943,0,95.16875
"2012-06-01 17:50:00",21189,13.50803,11.44368,87.60458,1.1835,0,36.55153,0,0,0,-5.970657,-5.970657,10.99931,0,95.18203
"2012-06-01 18:00:00",21190,13.47831,11.51556,87.36456,1.185888,0.2274167,120.9231,0.2274164,19.54448,15.55192,-8.246813,-8.246813,11.02891,0,95.19695
"2012-06-01 18:10:00",21191,13.44935,11.52304,87.02261,1.181834,0,284.8295,0,0,0,-6.842844,-6.842844,11.05293,0,95.19997
"2012-06-01 18:20:00",21192,13.42121,11.45422,87.20345,1.178904,0,56.01319,0,0,0,-10.56099,-10.56099,11.06107,0,95.20192
"2012-06-01 18:30:00",21193,13.39436,11.37361,87.73066,1.179713,0.07658333,28.62507,0.07658336,37.89064,2.201308,-14.67527,-14.67527,11.04197,0,95.20565
"2012-06-01 18:40:00",21194,13.36824,11.28177,88.14233,1.178056,0,32.57879,0,0,0,-13.31322,-13.31322,10.98858,0,95.19955
"2012-06-01 18:50:00",21195,13.34317,11.15672,88.7234,1.17602,0,39.32168,0,0,0,-9.426769,-9.426769,10.92325,0,95.19733
"2012-06-01 19:00:00",21196,13.31874,11.07089,89.31728,1.177165,0,47.18323,0,0,0,-10.37352,-10.37352,10.87532,0,95.2003
"2012-06-01 19:10:00",21197,13.29602,10.99153,89.7056,1.176064,0,49.58906,0,0,0,-10.6421,-10.6421,10.82633,0,95.1984
"2012-06-01 19:20:00",21198,13.274,10.84833,90.10741,1.170135,0,49.58746,0,0,0,-13.61033,-13.61033,10.75599,0,95.19543
"2012-06-01 19:30:00",21199,13.25299,10.80128,90.58849,1.172701,0,49.5873,0,0,0,-13.8353,-13.8353,10.64073,0,95.1917
"2012-06-01 19:40:00",21200,13.23291,10.7608,90.94756,1.174183,0,49.5873,0,0,0,-7.992172,-7.992172,10.50936,0,95.1937
"2012-06-01 19:50:00",21201,13.21377,10.69549,91.19007,1.172203,0,49.5873,0,0,0,-6.331382,-6.331382,10.41729,0,95.19257
"2012-06-01 20:00:00",21202,13.19618,10.62837,91.35686,1.169106,0,49.5873,0,0,0,-7.072726,-7.072726,10.3462,0,95.19457
"2012-06-01 20:10:00",21203,13.17931,10.61591,91.58858,1.171096,0,49.5873,0,0,0,-7.415073,-7.415073,10.28531,0,95.19722
"2012-06-01 20:20:00",21204,13.16421,10.64525,91.82126,1.176372,0,49.5873,0,0,0,-7.08699,-7.08699,10.23045,0,95.19803
"2012-06-01 20:30:00",21205,13.14894,10.60815,91.90685,1.17456,0,49.5873,0,0,0,-6.962686,-6.962686,10.19536,0,95.19587
"2012-06-01 20:40:00",21206,13.13551,10.58814,92.10426,1.175512,0,49.5873,0,0,0,-5.385037,-5.385037,10.1661,0,95.19636
"2012-06-01 20:50:00",21207,13.1236,10.54946,92.14177,1.172964,0,49.5873,0,0,0,-6.5751,-6.5751,10.15511,0,95.1957
"2012-06-01 21:00:00",21208,13.11197,10.51159,92.28203,1.171783,0,54.91962,0,0,0,-6.33505,-6.33505,10.14381,0,95.19219
"2012-06-01 21:10:00",21209,13.10229,10.5044,92.38713,1.172555,0,56.87673,0,0,0,-6.442645,-6.442645,10.13232,0,95.18797
"2012-06-01 21:20:00",21210,13.09249,10.3786,92.4033,1.162952,0,56.87673,0,0,0,-7.025043,-7.025043,10.11308,0,95.17912
"2012-06-01 21:30:00",21211,13.08386,10.27742,92.48804,1.156175,0,56.87673,0,0,0,-7.092696,-7.092696,10.09851,0,95.17382
"2012-06-01 21:40:00",21212,13.0756,10.22562,92.63019,1.153947,0,56.87673,0,0,0,-5.720455,-5.720455,10.06583,0,95.17825
"2012-06-01 21:50:00",21213,13.06919,10.25829,92.7598,1.158088,0,56.87673,0,0,0,-5.206935,-5.206935,10.04422,0,95.17955
"2012-06-01 22:00:00",21214,13.06185,10.31673,92.85682,1.16384,0,56.87673,0,0,0,-6.654573,-6.654573,10.02324,0,95.17101
"2012-06-01 22:10:00",21215,13.05537,10.39756,92.98051,1.171701,0,56.87673,0,0,0,-7.620481,-7.620481,10.00148,0,95.16782
"2012-06-01 22:20:00",21216,13.05103,10.38605,92.97959,1.170785,0,56.87673,0,0,0,-6.895846,-6.895846,9.968345,0,95.16782
"2012-06-01 22:30:00",21217,13.04398,10.28448,92.94318,1.162415,0,56.87673,0,0,0,-7.113074,-7.113074,9.933097,0,95.16636
"2012-06-01 22:40:00",21218,13.03967,10.21355,93.02412,1.157919,0,56.87673,0,0,0,-8.438853,-8.438853,9.888592,0,95.16312
"2012-06-01 22:50:00",21219,13.03546,10.20512,93.13282,1.158618,0,56.87673,0,0,0,-6.401482,-6.401482,9.834632,0,95.15842
"2012-06-01 23:00:00",21220,13.02939,10.24653,93.23581,1.16312,0,56.87673,0,0,0,-5.421309,-5.421309,9.793252,0,95.14961
"2012-06-01 23:10:00",21221,13.02638,10.15231,93.19756,1.155334,0,56.87673,0,0,0,-8.90143,-8.90143,9.764502,0,95.13599
"2012-06-01 23:20:00",21222,13.02083,10.09812,93.25972,1.151921,0,56.87673,0,0,0,-8.375683,-8.375683,9.715833,0,95.12276
"2012-06-01 23:30:00",21223,13.01759,10.13934,93.41863,1.157071,0,56.87673,0,0,0,-6.380289,-6.380289,9.658445,0,95.10843
"2012-06-01 23:40:00",21224,13.01335,10.2045,93.53949,1.163631,0,56.87673,0,0,0,-6.77195,-6.77195,9.623053,0,95.10352
"2012-06-01 23:50:00",21225,13.00898,10.10807,93.46371,1.155209,0,56.87673,0,0,0,-5.096895,-5.096895,9.600689,0,95.0966
"2012-06-02 00:00:00",21226,13.00649,10.23783,93.75307,1.168913,0,56.87673,0,0,0,-5.722901,-5.722901,9.602307,0,95.08169
"2012-06-02 00:10:00",21227,13.00193,10.27305,93.7043,1.171044,0.02025,63.86227,0.02025,71.61697,1.445346,-3.910092,-3.910092,9.623429,0,95.0704
"2012-06-02 00:20:00",21228,12.99716,10.40246,93.80251,1.182443,0,4.699764,0,0,0,-5.647911,-5.647911,9.680777,0,95.05964
"2012-06-02 00:30:00",21229,12.99572,10.37672,93.72318,1.179419,0,57.24983,0,0,0,-2.76649,-2.76649,9.742435,0,95.03759
"2012-06-02 00:40:00",21230,12.99175,10.2935,93.70521,1.172649,0,40.57143,0,0,0,-2.282721,-2.282721,9.814901,0.2,95.03117
"2012-06-02 00:50:00",21231,12.98907,10.35857,93.79419,1.178881,0,40.57303,0,0,0,-6.350537,-6.350537,9.876017,0,95.01907
"2012-06-02 01:00:00",21232,12.98455,10.24919,93.74097,1.169631,0,110.1252,0,0,0,-2.916878,-2.916878,9.904632,0,95.00798
"2012-06-02 01:10:00",21233,12.98302,10.4037,93.9551,1.184498,0.4234166,62.476,0.4234158,32.86312,8.985061,-5.886738,-5.886738,9.936035,0,95.00246
"2012-06-02 01:20:00",21234,12.97861,10.54154,93.96004,1.195477,0.29025,131.6113,0.2902495,11.3702,11.11746,-6.097852,-6.097852,9.995076,0,94.99664
"2012-06-02 01:30:00",21235,12.97472,10.48902,93.78767,1.189109,0.3071666,170.2035,0.3071661,12.60204,12.31356,-6.077475,-6.077475,10.05721,0,94.9915
"2012-06-02 01:40:00",21236,12.97361,10.47545,93.72536,1.187243,0.09166667,42.52487,0.09166671,45.16984,2.768034,-6.604037,-6.604037,10.10156,0,94.99107
"2012-06-02 01:50:00",21237,12.9702,10.39675,93.65375,1.18012,0.1398333,115.2484,0.1398333,68.17675,19.55085,-7.530818,-7.530818,10.12344,0,94.98232
"2012-06-02 02:00:00",21238,12.96763,10.31698,93.60287,1.173209,0.05066667,52.88721,0.05066668,45.89832,4.330728,-8.160901,-8.160901,10.13093,0,94.97285
"2012-06-02 02:10:00",21239,12.96355,10.24334,93.58849,1.167266,0.003166667,117.9884,0.003166667,58.21952,0,-8.268087,-8.268087,10.10755,0,94.96118
"2012-06-02 02:20:00",21240,12.96229,10.19017,93.61151,1.163409,0,138.7717,0,0,0,-8.878607,-8.878607,10.07103,0,94.95292
"2012-06-02 02:30:00",21241,12.9595,10.13202,93.66639,1.159572,0,208.231,0,0,0,-6.569802,-6.569802,10.02302,0,94.95616
"2012-06-02 02:40:00",21242,12.95567,10.04973,93.77937,1.154592,0,208.2786,0,0,0,-5.956023,-5.956023,9.973125,0,94.95146
"2012-06-02 02:50:00",21243,12.95169,10.02523,93.91566,1.154374,0.02375,209.9838,0.02375,163.8314,2.07431,-5.804819,-5.804819,9.923721,0,94.94502
"2012-06-02 03:00:00",21244,12.95122,10.04095,94.02767,1.156968,0.01583333,227.3598,0.01583333,240.2451,0.3134879,-5.632831,-5.632831,9.886709,0.2,94.94162
"2012-06-02 03:10:00",21245,12.94769,10.03464,94.08356,1.157166,0.07525,77.4043,0.07525003,107.3034,17.88444,-4.450511,-4.450511,9.863667,0,94.93357
"2012-06-02 03:20:00",21246,12.94455,10.05681,94.1429,1.159616,0.04491666,5.774794,0.04491668,15.82419,1.865932,-4.226356,-4.226356,9.862575,0.2,94.91844
"2012-06-02 03:30:00",21247,12.94032,10.04413,94.16497,1.158904,0,7.223088,0,0,0,-3.247406,-3.247406,9.873983,0.2,94.91412
"2012-06-02 03:40:00",21248,12.93981,10.02377,94.21526,1.157941,0,8.511208,0,0,0,-2.908727,-2.908727,9.883924,0.4,94.91299
"2012-06-02 03:50:00",21249,12.93478,10.02359,94.25972,1.158474,0,8.496661,0,0,0,-2.70984,-2.70984,9.886106,0.2,94.90829
"2012-06-02 04:00:00",21250,12.93165,9.997145,94.29271,1.156829,0,8.527034,0,0,0,-2.154748,-2.154748,9.905949,0.6,94.90337
"2012-06-02 04:10:00",21251,12.92916,9.984128,94.34093,1.15641,0,8.536305,0,0,0,-2.414769,-2.414769,9.909225,0.2,94.89246
"2012-06-02 04:20:00",21252,12.92865,9.976272,94.40554,1.156594,0,11.61817,0,0,0,-2.123774,-2.123774,9.92485,0.4,94.88457
"2012-06-02 04:30:00",21253,12.92413,9.973823,94.46294,1.157108,0,294.4532,0,0,0,-1.938336,-1.938336,9.92918,0.2,94.8791
"2012-06-02 04:40:00",21254,12.92166,9.971255,94.5192,1.157597,0,294.4228,0,0,0,-2.134778,-2.134778,9.929255,0,94.87387
"2012-06-02 04:50:00",21255,12.91829,9.970431,94.58317,1.158317,0.01108333,215.7629,0.01108333,181.4046,1.492095,-2.860228,-2.860228,9.945337,0,94.85754
"2012-06-02 05:00:00",21256,12.91747,9.977134,94.64896,1.159643,0.01266667,163.28,0.01266667,175.0543,0.111233,-2.990646,-2.990646,9.951778,0,94.85166
"2012-06-02 05:10:00",21257,12.91273,9.984383,94.68983,1.160708,0,163.0527,0,0,0,-3.80698,-3.80698,9.951702,0,94.84728
"2012-06-02 05:20:00",21258,12.91017,9.953174,94.72383,1.158698,0,163.053,0,0,0,-3.34848,-3.34848,9.93257,0,94.84793
"2012-06-02 05:30:00",21259,12.90705,9.93255,94.74999,1.157417,0,195.6564,0,0,0,-4.171743,-4.171743,9.928238,0,94.84734
"2012-06-02 05:40:00",21260,12.9071,9.93208,94.79767,1.157963,0,218.5179,0,0,0,-4.358403,-4.358403,9.907229,0,94.84544
"2012-06-02 05:50:00",21261,12.90337,9.905732,94.82597,1.156265,0,201.1307,0,0,0,-6.311004,-6.311004,9.884864,0,94.84404
"2012-06-02 06:00:00",21262,12.90107,9.933502,94.86481,1.158893,0,201.1307,0,0,0,-6.429603,-6.429603,9.852067,0,94.8422
"2012-06-02 06:10:00",21263,12.89719,9.923843,94.89533,1.158517,0,201.1307,0,0,0,-8.598208,-8.598208,9.810647,0,94.84415
"2012-06-02 06:20:00",21264,12.89582,9.86799,94.90869,1.154348,0,201.1307,0,0,0,-8.893686,-8.893686,9.738723,0,94.84615
"2012-06-02 06:30:00",21265,12.89434,9.746499,94.89599,1.144824,0,201.1306,0,0,0,-10.04992,-10.04992,9.636797,0.2,94.84199
"2012-06-02 06:40:00",21266,12.89047,9.67291,94.9035,1.139273,0,201.1307,0,0,0,-14.17602,-14.17602,9.508125,0,94.83982
"2012-06-02 06:50:00",21267,12.88752,9.618672,94.92963,1.135441,0,201.1307,0,0,0,-14.51021,-14.51021,9.344156,0,94.83782
"2012-06-02 07:00:00",21268,12.88526,9.684444,95.00371,1.14136,0,201.1299,0,0,0,-14.95649,-14.95649,9.178283,0,94.83804
"2012-06-02 07:10:00",21269,12.88556,9.659582,95.03319,1.139808,0,104.9176,0,0,0,-13.41674,-13.41674,9.039826,0,94.8409
"2012-06-02 07:20:00",21270,12.88246,9.716022,95.08789,1.144793,0,26.95298,0,0,0,-11.70378,-11.70378,8.942849,0,94.84399
"2012-06-02 07:30:00",21271,12.88389,9.677102,95.10662,1.142028,0,26.86043,0,0,0,-7.101663,-7.101663,8.906608,0,94.85063
"2012-06-02 07:40:00",21272,12.8877,9.763592,95.15257,1.149236,0,33.8765,0,0,0,-2.447781,-2.447781,8.878627,0,94.85949
"2012-06-02 07:50:00",21273,12.88965,9.772928,95.16908,1.150156,0,107.0143,0,0,0,4.410163,4.410163,8.927798,0,94.8589
"2012-06-02 08:00:00",21274,12.88624,9.862914,95.20063,1.15751,0,89.00601,0,0,0,3.612576,3.612576,9.044448,0,94.86015
"2012-06-02 08:10:00",21275,12.88966,10.02007,95.24146,1.170269,0.1263333,101.5112,0.1263333,17.1405,2.622491,7.422001,7.422001,9.203491,0,94.86366
"2012-06-02 08:20:00",21276,12.90924,10.219,95.27319,1.186352,0,21.48463,0,0,0,14.7254,14.7254,9.405861,0,94.85939
"2012-06-02 08:30:00",21277,12.93002,10.33082,95.27979,1.195336,0,21.35195,0,0,0,19.29044,19.29044,9.615973,0,94.8469
"2012-06-02 08:40:00",21278,12.96546,10.50222,95.28598,1.20918,0,21.19434,0,0,0,31.38548,31.38548,9.827628,0,94.84615
"2012-06-02 08:50:00",21279,13.01114,10.66777,95.26888,1.222378,0.001583333,93.2238,0.001583333,320.3512,0,42.60223,42.60223,10.05713,0,94.84718
"2012-06-02 09:00:00",21280,13.04522,10.80259,95.2618,1.233322,0,258.5808,0,0,0,40.47601,40.47601,10.3183,0,94.84599
"2012-06-02 09:10:00",21281,13.06858,10.98014,95.25324,1.247856,0,159.1717,0,0,0,32.02819,32.02819,10.57096,0,94.84658
"2012-06-02 09:20:00",21282,13.09828,11.09289,95.20107,1.256551,0,144.6258,0,0,0,33.1612,33.1612,10.75268,0,94.86133
"2012-06-02 09:30:00",21283,13.16136,11.24289,95.17647,1.268803,0,115.4395,0,0,0,51.60903,51.60903,10.93051,0,94.869
"2012-06-02 09:40:00",21284,13.27163,11.34663,95.0962,1.276498,0.2384166,119.5951,0.2384163,135.0356,12.80037,61.0569,61.0569,11.17495,0,94.85939
"2012-06-02 09:50:00",21285,13.33924,11.43484,94.94982,1.281991,0.2011667,87.29763,0.2011665,115.3002,8.116436,46.61363,46.61363,11.48594,0,94.85852
"2012-06-02 10:00:00",21286,13.41442,11.56386,94.73849,1.290109,0.02941667,22.81719,0.02941667,27.90261,1.469027,55.30651,55.30651,11.77792,0,94.85896
"2012-06-02 10:10:00",21287,13.57165,11.72543,94.44099,1.299878,0.03958333,88.56385,0.03958334,157.2552,1.287951,77.93242,77.93242,12.09232,0,94.85009
"2012-06-02 10:20:00",21288,13.67859,12.06522,94.05209,1.32389,0.09583332,99.2646,0.09583338,119.3702,1.562363,67.31601,67.31601,12.47055,0,94.8455
"2012-06-02 10:30:00",21289,13.80998,12.12906,93.13701,1.316534,0.251,118.1003,0.2509996,91.74437,9.214277,80.24146,80.24146,12.85297,0,94.84372
"2012-06-02 10:40:00",21290,14.19304,12.50354,92.48315,1.33993,0.2451666,120.715,0.2451663,114.2918,15.33385,119.7418,119.7418,13.26708,0,94.83071
"2012-06-02 10:50:00",21291,14.16002,13.03404,91.14914,1.367315,0.3219167,87.66506,0.3219161,107.3355,11.8428,87.26605,87.26605,13.84235,0,94.80894
"2012-06-02 11:00:00",21292,14.23765,13.10207,89.44891,1.347757,0.4214166,103.0049,0.4214159,73.11413,31.0986,114.8507,114.8507,14.3626,0,94.78793
"2012-06-02 11:10:00",21293,14.29776,13.10003,86.40322,1.301818,1.105083,112.1328,1.105088,97.34178,22.72169,123.1801,123.1801,14.76596,0,94.77057
"2012-06-02 11:20:00",21294,14.26651,13.43495,84.40186,1.299678,0.7672499,72.05219,0.7672525,39.88357,24.00014,86.56088,86.56088,15.16348,0,94.74753
"2012-06-02 11:30:00",21295,14.26705,13.43132,83.5073,1.285608,0.6563333,131.626,0.6563349,14.707,29.22501,60.48618,60.48618,15.46502,0,94.72845
"2012-06-02 11:40:00",21296,14.27452,13.48847,83.81332,1.295122,0.5005,93.33723,0.5005,79.03917,33.95974,78.84796,78.84796,15.59474,0,94.71051
"2012-06-02 11:50:00",21297,14.20877,13.49527,82.65129,1.27775,0.6936666,90.70149,0.6936685,82.12206,30.84414,33.3129,33.3129,15.70382,0,94.69215
"2012-06-02 12:00:00",21298,14.08796,13.22169,83.58179,1.269218,0.7175833,113.8483,0.7175851,100.0044,44.8745,6.78344,6.78344,15.69362,0,94.671
"2012-06-02 12:10:00",21299,14.0784,13.07668,84.76399,1.275062,0.4930833,113.2449,0.4930833,60.39135,25.82835,26.21447,26.21447,15.47434,0,94.65199
"2012-06-02 12:20:00",21300,14.22855,13.06194,84.93451,1.276388,0.8896666,96.82793,0.8896696,55.30523,34.65622,41.49524,41.49524,15.23217,0,94.63691
"2012-06-02 12:30:00",21301,14.26166,13.1921,84.56161,1.281636,0.86225,129.1847,0.8622539,23.97259,39.00613,36.23662,36.23662,15.05866,0,94.61829
"2012-06-02 12:40:00",21302,14.2022,13.13903,84.42352,1.27514,0.6505833,68.14816,0.6505848,68.87558,25.08457,26.03517,26.03517,14.91865,0,94.5985
"2012-06-02 12:50:00",21303,14.10693,13.25185,85.04029,1.293951,0.2679167,128.6481,0.2679163,6.442596,6.710622,18.32592,18.32592,14.85532,0,94.58717
"2012-06-02 13:00:00",21304,14.26469,13.03643,85.43021,1.281698,0.5181667,88.13195,0.518167,88.09454,15.82237,30.46782,30.46782,14.78718,0,94.57491
"2012-06-02 13:10:00",21305,14.26301,13.29504,85.50844,1.304719,0.1199167,77.83752,0.1199167,115.2843,6.032679,50.63722,50.63722,14.74745,0,94.55067
"2012-06-02 13:20:00",21306,14.08298,13.28302,85.07658,1.297136,0.3079166,96.57208,0.3079161,115.6064,10.92538,9.565355,9.565355,14.76148,0,94.5509
"2012-06-02 13:30:00",21307,13.99474,13.03824,85.30073,1.279921,0.3153333,90.94823,0.3153328,29.02343,22.24131,6.311162,6.311162,14.72473,0,94.54153
"2012-06-02 13:40:00",21308,14.00573,12.95048,85.33826,1.27314,0.4009166,101.4254,0.4009159,17.88345,15.83951,12.70953,12.70953,14.61068,0,94.52426
"2012-06-02 13:50:00",21309,14.14308,12.95842,85.67113,1.278773,0.2659166,112.5507,0.2659163,72.81989,19.60262,22.39998,22.39998,14.46852,0,94.51848
"2012-06-02 14:00:00",21310,14.06646,12.95434,85.46037,1.275279,0.3249167,120.9988,0.3249162,22.91496,25.56585,7.791971,7.791971,14.36573,0,94.51476
"2012-06-02 14:10:00",21311,13.89358,12.84085,85.68168,1.269116,0.1711667,72.65498,0.1711665,67.86269,13.57286,-9.268297,-9.268297,14.25407,0,94.50475
"2012-06-02 14:20:00",21312,13.87207,12.69867,86.15299,1.264251,0.1535833,88.46911,0.1535832,78.2623,6.169912,-0.1752195,-0.1752195,14.06391,0,94.48743
"2012-06-02 14:30:00",21313,13.87319,12.6176,87.38293,1.275495,0.03133333,61.11794,0.03133333,66.10025,2.18898,10.47568,10.47568,13.76738,0.2,94.48781
"2012-06-02 14:40:00",21314,13.83582,12.50626,88.56547,1.283344,0.1075833,74.59111,0.1075834,157.7024,4.531566,7.380045,7.380045,13.50597,0,94.48569
"2012-06-02 14:50:00",21315,13.80499,12.28257,89.63837,1.279928,0.162,123.2986,0.1619999,132.3295,7.328013,5.577804,5.577804,13.29742,0.4,94.48346
"2012-06-02 15:00:00",21316,13.77485,12.20139,90.57556,1.286423,0.02816667,135.0973,0.02816666,170.2,3.493467,7.123504,7.123504,13.08993,0.4,94.4819
"2012-06-02 15:10:00",21317,13.75152,12.02838,91.10754,1.279316,0.3195,108.9062,0.3194994,114.8707,23.49939,3.028152,3.028152,12.90694,0.4,94.48492
"2012-06-02 15:20:00",21318,13.71241,11.88042,91.77851,1.276215,0.2835833,127.4959,0.2835828,107.7092,13.7906,-0.7225295,-0.7225295,12.71953,1,94.48833
"2012-06-02 15:30:00",21319,13.67923,11.76976,92.29234,1.274017,0.4558333,116.5471,0.4558328,121.0182,14.93921,-2.153694,-2.153694,12.51674,0.4,94.48951
"2012-06-02 15:40:00",21320,13.64228,11.68019,92.64393,1.271327,0.15875,121.6863,0.1587499,117.5283,6.087616,-1.30489,-1.30489,12.35295,0.4,94.49243
"2012-06-02 15:50:00",21321,13.61316,11.5947,92.9132,1.26783,0.07025,140.6877,0.07025003,142.8927,4.228101,-2.502674,-2.502674,12.20936,0.2,94.48714
"2012-06-02 16:00:00",21322,13.57917,11.43688,92.98542,1.255684,0.515,149.5872,0.5150003,168.979,20.94271,-3.565157,-3.565157,12.07228,0.2,94.48433
"2012-06-02 16:10:00",21323,13.5493,11.11613,93.12352,1.231027,0.306,151.2157,0.3059995,140.1781,17.61441,-4.271885,-4.271885,11.92469,0.2,94.48666
"2012-06-02 16:20:00",21324,13.51595,10.99413,93.34075,1.223938,0.1718333,172.3713,0.1718332,173.7682,4.652733,-4.905227,-4.905227,11.75655,0.2,94.48411
"2012-06-02 16:30:00",21325,13.48391,10.83166,93.43406,1.211992,0.2990833,179.5369,0.2990829,188.1504,9.930021,-8.577322,-8.577322,11.60296,0.2,94.4766
"2012-06-02 16:40:00",21326,13.45301,10.73688,93.63361,1.206936,0.4256667,176.0709,0.4256658,181.8407,16.18434,-8.448568,-8.448568,11.4355,0.2,94.46784
"2012-06-02 16:50:00",21327,13.42421,10.65695,93.75368,1.202067,0.52275,185.8152,0.5227506,172.6545,14.19815,-8.930271,-8.930271,11.29881,0.4,94.45823
"2012-06-02 17:00:00",21328,13.39644,10.57973,93.84779,1.197094,0.1898333,150.1144,0.1898331,168.432,10.16444,-7.681997,-7.681997,11.17876,0.2,94.45607
"2012-06-02 17:10:00",21329,13.3704,10.5481,93.9225,1.195522,0.1594167,132.0333,0.1594165,175.9302,11.15795,-7.252048,-7.252048,11.07424,0.4,94.45471
"2012-06-02 17:20:00",21330,13.34534,10.49368,93.98531,1.191985,0.3086667,146.8368,0.3086661,145.7481,12.87457,-8.323923,-8.323923,10.98884,0,94.45553
"2012-06-02 17:30:00",21331,13.32163,10.43189,94.04348,1.187815,0.1853333,155.9519,0.1853331,170.0206,6.769146,-9.724692,-9.724692,10.90252,0.2,94.45763
"2012-06-02 17:40:00",21332,13.29978,10.382,94.10005,1.184574,0.068,89.97793,0.06800003,88.21255,5.647825,-8.004807,-8.004807,10.81266,0.4,94.4659
"2012-06-02 17:50:00",21333,13.27897,10.36273,94.13905,1.18354,0.07441666,124.5281,0.0744167,104.1155,3.722378,-11.187,-11.187,10.73494,0.2,94.46017
"2012-06-02 18:00:00",21334,13.25892,10.31137,94.159,1.179735,0.1058333,138.8128,0.1058334,136.8987,7.583713,-12.20182,-12.20182,10.64657,0.2,94.46098
"2012-06-02 18:10:00",21335,13.24074,10.2752,94.20753,1.177493,0.3563333,93.63096,0.3563327,95.13977,21.61318,-12.201,-12.201,10.55228,0.2,94.46596
"2012-06-02 18:20:00",21336,13.22316,10.25037,94.25832,1.176175,0.08058333,112.0911,0.08058336,123.7801,5.073305,-12.12887,-12.12887,10.47471,0,94.4719
"2012-06-02 18:30:00",21337,13.20745,10.21862,94.29778,1.17417,0.04175,112.9013,0.04175001,120.1155,2.109416,-12.99574,-12.99574,10.39658,0.2,94.47114
"2012-06-02 18:40:00",21338,13.19224,10.19726,94.34634,1.173097,0.007916666,111.1593,0.007916667,134.8042,1.30111,-12.66765,-12.66765,10.30316,0,94.46628
"2012-06-02 18:50:00",21339,13.1781,10.17316,94.38619,1.171703,0,68.14753,0,0,0,-12.82742,-12.82742,10.21309,0.2,94.46326
"2012-06-02 19:00:00",21340,13.1658,10.12764,94.41188,1.168458,0.01741667,124.1176,0.01741667,148.7871,1.947921,-11.87944,-11.87944,10.13794,0.2,94.45834
"2012-06-02 19:10:00",21341,13.15355,10.10941,94.47875,1.167858,0.006333333,110.1134,0.006333333,154.3729,0.7446052,-12.70556,-12.70556,10.07671,0.4,94.45769
"2012-06-02 19:20:00",21342,13.1423,10.06934,94.5032,1.165031,0,97.26128,0,0,0,-12.42557,-12.42557,10.01989,0,94.45737
"2012-06-02 19:30:00",21343,13.13192,10.02803,94.52588,1.16209,0,97.25681,0,0,0,-7.159128,-7.159128,9.957914,0.2,94.4565
"2012-06-02 19:40:00",21344,13.12324,10.03167,94.5733,1.162957,0,108.2781,0,0,0,-10.3075,-10.3075,9.927335,0.2,94.44882
"2012-06-02 19:50:00",21345,13.11473,10.02899,94.63367,1.163491,0,193.9888,0,0,0,-13.53412,-13.53412,9.892432,0,94.44785
"2012-06-02 20:00:00",21346,13.10662,10.05575,94.69461,1.166331,0.04016666,174.9738,0.04016667,188.2151,2.389539,-11.61412,-11.61412,9.853235,0,94.43331
"2012-06-02 20:10:00",21347,13.09909,10.08755,94.7171,1.169097,0.09366667,119.4389,0.09366671,98.19088,10.78191,-8.975197,-8.975197,9.842877,0.2,94.42478
"2012-06-02 20:20:00",21348,13.09334,10.17965,94.76356,1.176899,0.02375,119.8146,0.02375,141.703,0.2960136,-7.867868,-7.867868,9.880648,0.2,94.4271
"2012-06-02 20:30:00",21349,13.08599,10.21376,94.76603,1.179617,0.12125,133.5008,0.12125,132.4248,7.306584,-6.808222,-6.808222,9.930877,0.2,94.42321
"2012-06-02 20:40:00",21350,13.08149,10.20037,94.74727,1.178328,0.04275,103.4116,0.04275001,112.1838,2.641795,-9.094611,-9.094611,9.9793,0,94.4278
"2012-06-02 20:50:00",21351,13.07553,10.14927,94.72672,1.174052,0.1044167,131.3346,0.1044167,142.1822,7.51017,-8.528109,-8.528109,9.99696,0.2,94.42272
"2012-06-02 21:00:00",21352,13.07171,10.11463,94.74019,1.1715,0.355,144.1091,0.3549994,156.7714,16.83326,-6.035496,-6.035496,10.01458,0.2,94.41397
"2012-06-02 21:10:00",21353,13.06528,10.12116,94.76684,1.172342,0.2290833,136.3919,0.2290831,181.9947,6.677715,-6.189145,-6.189145,10.03141,0.2,94.40321
"2012-06-02 21:20:00",21354,13.06163,10.14005,94.78992,1.174111,0.3103333,111.1731,0.3103329,107.0464,20.08659,-9.391312,-9.391312,10.04215,0.2,94.39819
"2012-06-02 21:30:00",21355,13.05689,10.11396,94.79145,1.17208,0.2515833,95.02474,0.2515831,108.0335,11.63887,-6.041202,-6.041202,10.04215,0.2,94.39581
"2012-06-02 21:40:00",21356,13.05196,10.09853,94.7933,1.170893,0.4096667,158.0964,0.4096659,142.5696,11.75849,-12.05021,-12.05021,10.03883,0.2,94.39123
"2012-06-02 21:50:00",21357,13.04987,10.04663,94.79949,1.166909,0.02025,133.9158,0.02025,129.6675,0.3288113,-12.74428,-12.74428,9.997072,0,94.39106
"2012-06-02 22:00:00",21358,13.04455,9.970189,94.78465,1.160766,0.07058333,167.4359,0.07058337,141.5354,8.989762,-13.07032,-13.07032,9.922593,0,94.38544
"2012-06-02 22:10:00",21359,13.04001,9.925007,94.80529,1.157508,0.1570833,149.1363,0.1570833,161.4853,11.91723,-10.36578,-10.36578,9.860012,0,94.3682
"2012-06-02 22:20:00",21360,13.03829,9.902813,94.80698,1.155806,0.3565833,168.3564,0.3565827,181.5504,17.0219,-12.41619,-12.41619,9.815203,0,94.35162
"2012-06-02 22:30:00",21361,13.03362,9.903357,94.82758,1.1561,0.30575,165.1551,0.3057495,165.3751,20.13185,-12.71901,-12.71901,9.784516,0,94.34448
"2012-06-02 22:40:00",21362,13.02895,9.923511,94.8232,1.157611,0.1815833,189.7445,0.1815832,189.5053,7.148913,-9.295944,-9.295944,9.754292,0,94.34173
"2012-06-02 22:50:00",21363,13.02655,9.947478,94.81319,1.159348,0.3601666,196.7147,0.3601661,195.0121,32.61698,-11.57092,-11.57092,9.750697,0,94.32925
"2012-06-02 23:00:00",21364,13.02183,9.943151,94.78934,1.158721,0.5693333,167.306,0.569334,177.4647,30.34431,-18.86821,-18.86821,9.74456,0,94.3214
"2012-06-02 23:10:00",21365,13.01781,9.93399,94.75996,1.157651,0.6525,182.5212,0.6525014,184.4299,24.07677,-12.74957,-12.74957,9.706758,0,94.32185
"2012-06-02 23:20:00",21366,13.01556,9.966902,94.77531,1.160395,0.6248333,184.7736,0.6248348,179.2205,24.7158,-8.046784,-8.046784,9.708038,0,94.31395
"2012-06-02 23:30:00",21367,13.01096,9.994657,94.79654,1.162815,0.8496667,184.3212,0.84967,186.6812,22.30317,-5.395633,-5.395633,9.747066,0,94.3147
"2012-06-02 23:40:00",21368,13.00647,10.01956,94.8306,1.165177,0.7143333,146.1336,0.7143355,144.6556,28.92184,-4.271186,-4.271186,9.798486,0,94.31746
"2012-06-02 23:50:00",21369,13.00423,10.03971,94.8589,1.167098,0.2100833,130.0324,0.2100831,103.5168,10.82272,-3.097833,-3.097833,9.854401,0,94.31557
"2012-06-03 00:00:00",21370,12.99981,10.06012,94.89926,1.169191,0.0885,148.1794,0.08850004,137.4832,5.552707,-2.916063,-2.916063,9.903125,0.2,94.30741
"2012-06-03 00:10:00",21371,12.99561,10.0828,94.93497,1.171409,0.6665833,152.4381,0.6665851,153.837,23.1989,-3.193201,-3.193201,9.948575,0,94.29347
"2012-06-03 00:20:00",21372,12.99401,10.07883,94.96831,1.171509,0.80325,158.5403,0.803253,158.0966,25.03157,-3.086829,-3.086829,9.984722,0,94.27769
"2012-06-03 00:30:00",21373,12.98959,10.07236,95.01071,1.171524,0.568,172.5425,0.5680004,163.1616,20.70904,-3.147555,-3.147555,10.01725,0,94.26121
"2012-06-03 00:40:00",21374,12.98465,10.06817,95.06059,1.17181,0.50425,173.8639,0.5042501,174.8948,18.42433,-3.628878,-3.628878,10.03947,0,94.26147
"2012-06-03 00:50:00",21375,12.98279,10.04912,95.09098,1.17069,0.3025833,182.6814,0.3025828,209.7142,16.81636,-3.986712,-3.986712,10.05868,0,94.25759
"2012-06-03 01:00:00",21376,12.9779,10.03881,95.1157,1.170186,0.5403333,131.6453,0.5403334,134.5064,15.02973,-4.880075,-4.880075,10.06455,0,94.24716
"2012-06-03 01:10:00",21377,12.97347,10.03438,95.13845,1.170119,0.3721666,166.6602,0.3721661,158.0358,21.20006,-4.579706,-4.579706,10.05958,0,94.24927
"2012-06-03 01:20:00",21378,12.97075,10.03926,95.15896,1.170753,0.4354167,184.5378,0.4354161,161.8217,25.82554,-4.65755,-4.65755,10.06056,0,94.23279
"2012-06-03 01:30:00",21379,12.96635,10.04296,95.17321,1.17122,0.72975,171.1086,0.7297509,183.2621,38.56773,-4.587858,-4.587858,10.05977,0,94.22295
"2012-06-03 01:40:00",21380,12.96211,10.05377,95.20527,1.172463,0.7230833,158.6962,0.7230849,169.754,26.2262,-4.390601,-4.390601,10.06161,0,94.21112
"2012-06-03 01:50:00",21381,12.95837,10.05547,95.22352,1.172821,0.4825,191.8594,0.4824999,177.2468,20.41315,-4.726427,-4.726427,10.06474,0,94.20501
"2012-06-03 02:00:00",21382,12.95309,10.06859,95.23019,1.173933,0.3995,141.1085,0.3994993,16.02927,9.952129,-4.428096,-4.428096,10.06474,0,94.21458
"2012-06-03 02:10:00",21383,12.95089,10.0787,95.24053,1.174857,0.01583333,144.1454,0.01583333,226.1176,1.756618,-2.995129,-2.995129,10.06474,0,94.21149
"2012-06-03 02:20:00",21384,12.94535,10.07809,95.238,1.174778,0.54225,166.5344,0.5422504,185.1678,17.87159,-4.424428,-4.424428,10.07042,0,94.19604
"2012-06-03 02:30:00",21385,12.94003,10.07003,95.23188,1.174068,0.8904167,181.6435,0.8904206,187.6253,20.06535,-6.873431,-6.873431,10.07671,0,94.19015
"2012-06-03 02:40:00",21386,12.93606,10.043,95.22397,1.171847,0.08508334,181.1238,0.08508337,196.3596,4.772752,-9.61506,-9.61506,10.0621,0,94.16514
"2012-06-03 02:50:00",21387,12.93034,9.977061,95.21031,1.166517,0.05558333,171.629,0.05558334,150.4458,3.437066,-18.65261,-18.65261,9.99376,0,94.13914
"2012-06-03 03:00:00",21388,12.92699,9.974251,95.2226,1.166446,0.3681667,203.853,0.368166,186.6702,16.03798,-9.884048,-9.884048,9.876392,0,94.13596
"2012-06-03 03:10:00",21389,12.92101,9.954344,95.22209,1.164884,0.2705833,185.9666,0.2705829,185.1609,21.14859,-7.446047,-7.446047,9.838696,0,94.13164
"2012-06-03 03:20:00",21390,12.91681,9.937247,95.21767,1.163497,0.239,182.8441,0.2389997,186.6891,10.71519,-8.840704,-8.840704,9.829021,0,94.11612
"2012-06-03 03:30:00",21391,12.91027,9.904686,95.20029,1.160747,0.46375,194.4255,0.4637497,199.837,26.62523,-7.709736,-7.709736,9.806882,0,94.10991
"2012-06-03 03:40:00",21392,12.90645,9.868737,95.16286,1.157497,1.148917,177.5643,1.148922,177.1385,30.33442,-8.137671,-8.137671,9.795813,0,94.11082
"2012-06-03 03:50:00",21393,12.90081,9.85519,95.10937,1.155795,0.6307499,191.9823,0.6307515,191.0441,20.7719,-6.745051,-6.745051,9.795435,0,94.12488
"2012-06-03 04:00:00",21394,12.89576,9.843324,95.07159,1.154417,0.4235,186.263,0.4234992,163.6764,9.132277,-5.942573,-5.942573,9.796678,0.2,94.12704
"2012-06-03 04:10:00",21395,12.89064,9.846601,95.05389,1.154456,0.6040833,182.2458,0.6040841,184.3149,19.04465,-7.150162,-7.150162,9.795774,0,94.10877
"2012-06-03 04:20:00",21396,12.88499,9.843121,95.04073,1.154026,0.8496667,185.8304,0.8496698,191.2834,20.3098,-7.818961,-7.818961,9.793704,0,94.09721
"2012-06-03 04:30:00",21397,12.88218,9.838335,95.04794,1.153743,0.7965,209.5307,0.7965034,210.9212,23.34146,-7.310739,-7.310739,9.793628,0,94.09721
"2012-06-03 04:40:00",21398,12.87633,9.818336,95.04974,1.152219,0.1231667,217.9594,0.1231667,220.2781,3.561663,-8.790167,-8.790167,9.783576,0,94.09532
"2012-06-03 04:50:00",21399,12.87315,9.798445,95.05402,1.150732,0.3045,228.928,0.3044996,241.4775,8.642454,-7.971795,-7.971795,9.756698,0,94.09364
"2012-06-03 05:00:00",21400,12.86798,9.808424,95.0623,1.151605,0.32175,215.8819,0.3217494,214.4895,10.48295,-7.126116,-7.126116,9.748589,0,94.0769
"2012-06-03 05:10:00",21401,12.86343,9.827187,95.0631,1.153064,0.3924167,200.779,0.3924159,192.8414,22.32443,-6.483808,-6.483808,9.744523,0,94.06679
"2012-06-03 05:20:00",21402,12.8624,9.849825,95.0607,1.154789,0.23925,202.594,0.2392497,209.9155,11.41815,-6.044055,-6.044055,9.750359,0,94.06641
"2012-06-03 05:30:00",21403,12.85846,9.868359,95.05756,1.156187,0.56975,188.5285,0.5697511,194.1261,22.67539,-5.562324,-5.562324,9.754698,0,94.0602
"2012-06-03 05:40:00",21404,12.85616,9.887106,95.05765,1.157642,0.9834999,212.6021,0.9835044,215.5136,24.80345,-4.952212,-4.952212,9.780639,0,94.06219
"2012-06-03 05:50:00",21405,12.85181,9.891212,95.06745,1.15808,0.8234167,222.8311,0.8234194,223.8349,24.15032,-5.089151,-5.089151,9.799615,0,94.06403
"2012-06-03 06:00:00",21406,12.85184,9.896826,95.06885,1.158533,0.8165833,249.9966,0.8165861,250.1017,15.48007,-5.451876,-5.451876,9.826346,0,94.06533
"2012-06-03 06:10:00",21407,12.85102,9.897854,95.05791,1.158481,0.7081667,226.8071,0.7081691,227.4547,14.9646,-6.349314,-6.349314,9.838809,0.2,94.06344
"2012-06-03 06:20:00",21408,12.84716,9.89402,95.04388,1.158012,0.33425,199.7561,0.3342495,196.4421,11.78962,-7.196623,-7.196623,9.838809,0,94.05928
"2012-06-03 06:30:00",21409,12.84604,9.888387,95.02995,1.157405,0.1768333,230.015,0.1768332,221.1334,9.442173,-6.494404,-6.494404,9.838809,0,94.06668
"2012-06-03 06:40:00",21410,12.84483,9.909244,95.02399,1.158952,0.08866666,274.0606,0.08866671,269.1554,7.725628,-5.255841,-5.255841,9.838809,0.2,94.09375
"2012-06-03 06:50:00",21411,12.84143,9.911402,95.00191,1.158851,0.3205,227.2024,0.3204996,242.7567,11.07407,-5.773845,-5.773845,9.838809,0,94.09554
"2012-06-03 07:00:00",21412,12.84043,9.918776,94.96745,1.159004,0.173,213.5579,0.1729999,204.135,3.611534,-5.558249,-5.558249,9.838809,0.4,94.09775
"2012-06-03 07:10:00",21413,12.84025,9.900508,94.94024,1.157253,0.1436667,211.6829,0.1436666,197.6226,6.622529,-5.099748,-5.099748,9.838809,0,94.09396
"2012-06-03 07:20:00",21414,12.84024,9.884043,94.93849,1.155954,0.04433333,209.8965,0.04433334,200.6747,5.442103,-5.166994,-5.166994,9.838696,0,94.08835
"2012-06-03 07:30:00",21415,12.84157,9.875314,94.94427,1.155348,0.03166666,226.4493,0.03166667,219.3391,2.475752,-0.7287101,-0.7287101,9.818553,0,94.08705
"2012-06-03 07:40:00",21416,12.84565,9.897689,94.97488,1.157456,0.05225,177.4209,0.05225002,178.4571,3.454179,2.329182,2.329182,9.815692,0,94.08586
"2012-06-03 07:50:00",21417,12.84929,9.93795,94.98165,1.160667,0.1610833,242.4475,0.1610832,243.0655,9.103017,4.22228,4.22228,9.833652,0,94.08872
"2012-06-03 08:00:00",21418,12.86249,9.992433,94.9736,1.164814,0.3685,244.8035,0.3684993,247.8259,8.818487,6.574693,6.574693,9.876958,0,94.08472
"2012-06-03 08:10:00",21419,12.86685,10.00855,94.89814,1.165145,0.6224999,233.932,0.6225014,235.8517,13.07207,3.801682,3.801682,9.925152,0,94.08538
"2012-06-03 08:20:00",21420,12.8816,10.06098,94.81419,1.168211,0.5353333,240.1702,0.5353336,243.6816,9.970477,9.783381,9.783381,9.971244,0,94.08381
"2012-06-03 08:30:00",21421,12.90693,10.13527,94.7316,1.173014,0.71125,227.1063,0.7112522,228.0985,19.44485,14.55668,14.55668,10.03145,0,94.08602
"2012-06-03 08:40:00",21422,12.92887,10.22126,94.65511,1.178828,0.48075,224.6373,0.4807497,223.5896,13.26385,17.09616,17.09616,10.09877,0,94.08808
"2012-06-03 08:50:00",21423,12.95945,10.29753,94.5523,1.183569,0.8869166,222.9619,0.8869205,222.7217,19.21675,21.12607,21.12607,10.18967,0,94.08624
"2012-06-03 09:00:00",21424,13.00157,10.39754,94.40278,1.189625,0.8426666,229.9847,0.8426701,232.3441,19.6775,23.97855,23.97855,10.29273,0,94.08905
"2012-06-03 09:10:00",21425,13.0533,10.59549,94.29778,1.204104,0.05383333,226.8141,0.05383335,227.4125,3.451226,29.48749,29.48749,10.42196,0,94.09435
"2012-06-03 09:20:00",21426,13.10729,10.70819,94.17114,1.211554,0.4204167,224.9868,0.420416,213.0467,12.1352,29.47404,29.47404,10.54547,0,94.09505
"2012-06-03 09:30:00",21427,13.15345,10.74901,93.94631,1.211949,1.09825,230.0638,1.098255,229.6571,19.1665,25.8957,25.8957,10.68106,0,94.09883
"2012-06-03 09:40:00",21428,13.17091,10.79357,93.7114,1.212513,0.4405833,206.2715,0.4405827,208.0605,8.119249,18.7977,18.7977,10.85406,0,94.10807
"2012-06-03 09:50:00",21429,13.1712,10.82078,93.44302,1.211244,0.8347499,213.3432,0.8347533,212.9727,21.82947,6.050151,6.050151,11.01614,0,94.1145
"2012-06-03 10:00:00",21430,13.17261,10.86568,93.33179,1.213408,0.13825,231.53,0.13825,240.5678,4.774331,14.20784,14.20784,11.11126,0,94.12115
"2012-06-03 10:10:00",21431,13.19722,10.87679,93.25742,1.213336,0.2228333,181.432,0.2228331,183.369,9.273191,27.68312,27.68312,11.19461,0,94.11217
"2012-06-03 10:20:00",21432,13.2398,10.96194,93.19846,1.219464,0.4284166,179.6991,0.428416,160.8031,11.30854,31.1463,31.1463,11.31952,0,94.09688
"2012-06-03 10:30:00",21433,13.30156,11.08937,93.03803,1.227738,0.2786667,187.8347,0.2786663,193.7193,13.55327,41.09016,41.09016,11.48983,0,94.0702
"2012-06-03 10:40:00",21434,13.36403,11.193,92.65958,1.231163,0.2804166,192.638,0.2804162,190.2001,15.84474,43.52031,43.52031,11.67568,0,94.06717
"2012-06-03 10:50:00",21435,13.41259,11.25105,92.32352,1.231429,0.4228333,215.3711,0.4228326,217.8915,10.35057,38.90657,38.90657,11.87854,0,94.05663
"2012-06-03 11:00:00",21436,13.47194,11.37565,92.13894,1.23917,0.2195,137.6773,0.2194997,117.5298,7.562649,52.63282,52.63282,12.06281,0,94.0341
"2012-06-03 11:10:00",21437,13.55672,11.42259,91.79268,1.238356,0.4305833,129.1126,0.4305826,122.3938,13.6762,63.3745,63.3745,12.277,0,94.01405
"2012-06-03 11:20:00",21438,13.60517,11.5566,91.52488,1.245762,0.01741667,169.4819,0.01741667,242.4486,0.6446828,54.27737,54.27737,12.49048,0,94.00259
"2012-06-03 11:30:00",21439,13.62557,11.56443,90.89926,1.237878,0.0955,179.3988,0.09550004,205.7987,5.831688,41.47647,41.47647,12.68558,0,93.99427
"2012-06-03 11:40:00",21440,13.64906,11.71227,90.34563,1.242428,0.09183333,198.8211,0.09183338,196.9266,3.437984,36.40304,36.40304,12.82118,0,93.96806
"2012-06-03 11:50:00",21441,13.661,11.83461,89.91264,1.246503,0,196.9342,0,0,0,36.31483,36.31483,12.8954,0,93.95217
"2012-06-03 12:00:00",21442,13.65318,11.86454,89.50764,1.24334,0,136.3379,0,0,0,23.67995,23.67995,12.94475,0,93.94023
"2012-06-03 12:10:00",21443,13.63,11.98019,89.41354,1.251562,0,47.86309,0,0,0,22.2658,22.2658,12.97691,0,93.93121
"2012-06-03 12:20:00",21444,13.63356,12.02191,89.14154,1.251201,0,133.8489,0,0,0,24.24465,24.24465,12.97699,0,93.91364
"2012-06-03 12:30:00",21445,13.633,12.0167,88.9191,1.247631,0,119.2969,0,0,0,26.25818,26.25818,12.98515,0,93.90284
"2012-06-03 12:40:00",21446,13.64461,12.01987,88.7471,1.245476,0,100.719,0,0,0,32.35877,32.35877,13.00591,0,93.88252
"2012-06-03 12:50:00",21447,13.64417,11.98257,88.76116,1.242617,0.001583333,133.6725,0.001583333,89.19958,0,19.35267,19.35267,13.03034,0,93.86977
"2012-06-03 13:00:00",21448,13.64415,11.8574,88.87476,1.233966,0.04275,150.0289,0.04275001,99.24062,6.73229,22.97727,22.97727,13.04597,0,93.86712
"2012-06-03 13:10:00",21449,13.65482,11.87475,89.06342,1.238003,0.05066667,179.4295,0.05066668,195.6314,1.73842,25.05905,25.05905,13.04597,0,93.84508
"2012-06-03 13:20:00",21450,13.66463,11.87826,88.93622,1.236523,0.07741666,131.3401,0.0774167,104.0527,2.431062,23.69997,23.69997,13.06045,0,93.8341
"2012-06-03 13:30:00",21451,13.70294,11.97509,88.70356,1.241202,0,143.2375,0,0,0,43.06566,43.06566,13.09842,0,93.82057
"2012-06-03 13:40:00",21452,13.70464,12.06273,88.47159,1.245119,0.1560833,134.2078,0.1560832,162.969,9.918005,19.32777,19.32777,13.19043,0,93.807
"2012-06-03 13:50:00",21453,13.65888,12.04799,88.45992,1.243757,0,140.1361,0,0,0,1.815803,1.815803,13.23051,0,93.80563
"2012-06-03 14:00:00",21454,13.63729,12.03336,88.89098,1.248615,0,118.9221,0,0,0,7.325815,7.325815,13.16576,0,93.78008
