"TOA5","Kanga_Sap10A","CR1000","30701","CR1000.Std.18","CPU:UTS_SAP02_10A_Dendro24hrMinMaxHMP45.cr1","35134","DendroTenMinOutput"
"TIMESTAMP","RECORD","Batt_Volt_Avg","Dendro_Avg(1)","Dendro_Avg(2)","Dendro_Avg(3)","Dendro_Avg(4)"
"TS","RN","Volts","mV","mV","mV","mV"
"","","Avg","Avg","Avg","Avg","Avg"
"2012-08-29 15:30:00",12963,12.49,3008.093,2393.166,2648.755,1576.144
"2012-08-29 15:40:00",12964,12.34,3008.093,2392.963,2648.755,1919.069
"2012-08-29 15:50:00",12965,12.45,3008.093,2393.031,2648.755,1584.79
"2012-08-29 16:00:00",12966,12.42,3008.062,2393.262,2648.787,1583.796
"2012-08-29 16:10:00",12967,12.4,3007.005,2393.065,2648.868,1582.628
"2012-08-29 16:20:00",12968,12.38,3007.051,2393.344,2649.027,1581.71
"2012-08-29 16:30:00",12969,12.37,3007.467,2393.067,2649.394,1581.929
"2012-08-29 16:40:00",12970,12.36,3007.601,2393.106,2649.511,1581.999
"2012-08-29 16:50:00",12971,12.33,3007.709,2393.462,2649.607,1581.989
"2012-08-29 17:00:00",12972,12.32,3007.743,2393.894,2649.636,1581.601
"2012-08-29 17:10:00",12973,12.3,3007.752,2394.172,2649.645,1581.403
"2012-08-29 17:20:00",12974,12.27,3007.755,2394.242,2649.985,1581.067
"2012-08-29 17:30:00",12975,12.25,3008.161,2394.243,2650.999,1580.729
"2012-08-29 17:40:00",12976,12.23,3008.905,2394.243,2650.999,1580.729
"2012-08-29 17:50:00",12977,12.23,3008.972,2394.243,2651.742,1580.729
"2012-08-29 18:00:00",12978,12.22,3009.107,2394.243,2652.351,1580.729
"2012-08-29 18:10:00",12979,12.22,3009.107,2394.243,2652.351,1580.729
"2012-08-29 18:20:00",12980,12.21,3009.107,2394.243,2652.351,1580.729
"2012-08-29 18:30:00",12981,12.21,3009.107,2394.243,2652.351,1580.729
"2012-08-29 18:40:00",12982,12.21,3009.107,2394.378,2652.351,1580.729
"2012-08-29 18:50:00",12983,12.2,3009.107,2394.445,2652.351,1580.729
"2012-08-29 19:00:00",12984,12.2,3009.107,2395.188,2652.351,1580.729
"2012-08-29 19:10:00",12985,12.19,3009.107,2395.459,2652.351,1580.729
"2012-08-29 19:20:00",12986,12.19,3009.107,2395.121,2652.486,1580.729
"2012-08-29 19:30:00",12987,12.19,3009.107,2395.594,2652.486,1580.729
"2012-08-29 19:40:00",12988,12.18,3009.107,2395.594,2653.162,1580.729
"2012-08-29 19:50:00",12989,12.18,3009.107,2395.594,2653.702,1580.729
"2012-08-29 20:00:00",12990,12.18,3009.107,2395.594,2653.702,1580.729
"2012-08-29 20:10:00",12991,12.18,3009.225,2395.634,2653.746,1580.756
"2012-08-29 20:20:00",12992,12.17,3009.609,2395.616,2653.727,1580.744
"2012-08-29 20:30:00",12993,12.17,3009.319,2395.601,2654.115,1580.734
"2012-08-29 20:40:00",12994,12.17,3009.448,2395.596,2654.853,1580.731
"2012-08-29 20:50:00",12995,12.16,3010.325,2395.595,2655.055,1580.73
"2012-08-29 21:00:00",12996,12.16,3010.552,2395.668,2655.136,1580.779
"2012-08-29 21:10:00",12997,12.16,3010.526,2395.647,2655.112,1580.764
"2012-08-29 21:20:00",12998,12.16,3010.48,2395.611,2655.072,1580.74
"2012-08-29 21:30:00",12999,12.16,3010.492,2395.621,2655.083,1580.747
"2012-08-29 21:40:00",13000,12.15,3010.634,2395.733,2655.208,1580.821
"2012-08-29 21:50:00",13001,12.15,3010.583,2395.693,2655.231,1580.795
"2012-08-29 22:00:00",13002,12.15,3010.565,2395.625,2656.169,1580.75
"2012-08-29 22:10:00",13003,12.15,3011.09,2395.72,2656.545,1580.813
"2012-08-29 22:20:00",13004,12.15,3011.64,2395.876,2656.493,1580.782
"2012-08-29 22:30:00",13005,12.14,3011.876,2396.835,2656.583,1580.835
"2012-08-29 22:40:00",13006,12.14,3011.899,2397.016,2656.483,1580.776
"2012-08-29 22:50:00",13007,12.14,3011.837,2396.967,2657.104,1580.744
"2012-08-29 23:00:00",13008,12.14,3011.877,2396.999,2657.747,1580.764
"2012-08-29 23:10:00",13009,12.14,3011.845,2396.973,2657.787,1580.748
"2012-08-29 23:20:00",13010,12.13,3011.987,2397.086,2657.913,1580.822
"2012-08-29 23:30:00",13011,12.13,3012.053,2397.139,2657.971,1580.857
"2012-08-29 23:40:00",13012,12.13,3011.935,2397.044,2657.866,1580.795
"2012-08-29 23:50:00",13013,12.13,3011.927,2397.038,2657.859,1580.79
"2012-08-30 00:00:00",13014,12.13,3011.962,2397.067,2657.89,1580.809
"2012-08-30 00:10:00",13015,12.13,3011.857,2396.982,2657.797,1580.754
"2012-08-30 00:20:00",13016,12.12,3011.864,2396.989,2657.804,1580.758
"2012-08-30 00:30:00",13017,12.12,3011.85,2396.977,2657.791,1580.75
"2012-08-30 00:40:00",13018,12.12,3011.886,2397.006,2657.824,1580.769
"2012-08-30 00:50:00",13019,12.12,3011.956,2397.061,2657.884,1580.806
"2012-08-30 01:00:00",13020,12.12,3012.109,2397.184,2658.02,1580.886
"2012-08-30 01:10:00",13021,12.12,3012.24,2397.288,2658.204,1580.955
"2012-08-30 01:20:00",13022,12.11,3012.314,2397.346,2658.268,1580.994
"2012-08-30 01:30:00",13023,12.11,3012.32,2397.351,2658.273,1580.997
"2012-08-30 01:40:00",13024,12.11,3012.417,2397.429,2658.562,1581.048
"2012-08-30 01:50:00",13025,12.11,3012.453,2397.457,2658.594,1581.067
"2012-08-30 02:00:00",13026,12.1,3012.521,2397.511,2658.654,1581.102
"2012-08-30 02:10:00",13027,12.1,3012.594,2397.569,2658.786,1581.141
"2012-08-30 02:20:00",13028,12.1,3012.902,2397.814,2658.99,1581.302
"2012-08-30 02:30:00",13029,12.1,3012.912,2397.822,2658.931,1581.307
"2012-08-30 02:40:00",13030,12.09,3013.131,2397.996,2658.989,1581.422
"2012-08-30 02:50:00",13031,12.09,3013.376,2398.192,2659.273,1581.551
"2012-08-30 03:00:00",13032,12.08,3013.652,2398.411,2659.517,1581.696
"2012-08-30 03:10:00",13033,12.08,3013.731,2398.474,2659.451,1581.737
"2012-08-30 03:20:00",13034,12.08,3013.812,2398.538,2659.522,1581.78
"2012-08-30 03:30:00",13035,12.08,3013.836,2398.557,2659.543,1581.792
"2012-08-30 03:40:00",13036,12.08,3013.843,2398.563,2659.55,1581.796
"2012-08-30 03:50:00",13037,12.07,3013.845,2398.565,2659.62,1581.797
"2012-08-30 04:00:00",13038,12.07,3013.846,2398.565,2659.62,1581.797
"2012-08-30 04:10:00",13039,12.07,3013.846,2398.565,2659.755,1581.797
"2012-08-30 04:20:00",13040,12.06,3013.846,2398.565,2659.552,1581.797
"2012-08-30 04:30:00",13041,12.06,3013.846,2398.565,2659.755,1581.797
"2012-08-30 04:40:00",13042,12.06,3013.846,2398.565,2659.552,1581.797
"2012-08-30 04:50:00",13043,12.06,3013.846,2398.565,2659.552,1581.797
"2012-08-30 05:00:00",13044,12.05,3013.846,2398.565,2659.552,1581.797
"2012-08-30 05:10:00",13045,12.05,3013.846,2398.565,2659.552,1581.797
"2012-08-30 05:20:00",13046,12.05,3013.846,2398.565,2659.552,1581.797
"2012-08-30 05:30:00",13047,12.05,3013.846,2398.565,2659.552,1581.797
"2012-08-30 05:40:00",13048,12.04,3013.846,2398.565,2659.552,1581.797
"2012-08-30 05:50:00",13049,12.04,3013.846,2399.241,2659.552,1581.797
"2012-08-30 06:00:00",13050,12.04,3013.846,2399.174,2659.552,1581.797
"2012-08-30 06:10:00",13051,12.04,3013.846,2398.565,2659.552,1581.797
"2012-08-30 06:20:00",13052,12.04,3013.846,2398.565,2659.552,1581.662
"2012-08-30 06:30:00",13053,12.04,3013.846,2398.565,2659.552,1581.595
"2012-08-30 06:40:00",13054,12.04,3013.846,2398.565,2659.552,1580.986
"2012-08-30 06:50:00",13055,12.04,3013.846,2398.565,2659.552,1581.054
"2012-08-30 07:00:00",13056,12.04,3013.846,2398.565,2659.552,1580.716
"2012-08-30 07:10:00",13057,12.05,3013.846,2399.377,2659.552,1580.851
"2012-08-30 07:20:00",13058,12.05,3013.846,2399.917,2659.62,1581.324
"2012-08-30 07:30:00",13059,12.06,3013.846,2399.917,2659.62,1581.324
"2012-08-30 07:40:00",13060,12.09,3013.846,2399.917,2659.958,1581.73
"2012-08-30 07:50:00",13061,12.12,3013.846,2399.917,2660.905,1581.797
"2012-08-30 08:00:00",13062,12.16,3013.846,2399.917,2660.905,1581.797
"2012-08-30 08:10:00",13063,12.24,3013.846,2399.917,2660.905,1581.797
"2012-08-30 08:20:00",13064,12.26,3013.622,2400.078,2660.708,1581.68
"2012-08-30 08:30:00",13065,12.43,3012.802,2399.424,2659.983,1581.25
"2012-08-30 08:40:00",13066,12.51,3012.242,2398.911,2659.219,1580.956
"2012-08-30 08:50:00",13067,12.37,3011.948,2399.15,2658.486,1580.802
"2012-08-30 09:00:00",13068,12.48,3011.854,2398.399,2657.997,1580.752
"2012-08-30 09:10:00",13069,12.45,3011.824,2398.51,2657.768,1580.736
"2012-08-30 09:20:00",13070,12.4,3011.814,2398.503,2657.76,1580.596
"2012-08-30 09:30:00",13071,12.5,3011.812,2398.501,2657.758,1580.055
"2012-08-30 09:40:00",13072,12.55,3011.743,2398.297,2657.757,1580.257
"2012-08-30 09:50:00",13073,12.64,3011.811,2398.297,2657.757,1580.189
"2012-08-30 10:00:00",13074,12.67,3011.473,2398.297,2657.081,1579.514
"2012-08-30 10:10:00",13075,12.8,3011.811,2397.96,2656.406,1579.379
"2012-08-30 10:20:00",13076,13,3011.743,2397.487,2656.406,1579.379
"2012-08-30 10:30:00",13077,13.14,3010.459,2396.946,2655.73,1579.379
"2012-08-30 10:40:00",13078,12.92,3010.459,2397.149,2655.189,1579.243
"2012-08-30 10:50:00",13079,13.5,3010.122,2397.216,2655.054,1579.243
"2012-08-30 11:00:00",13080,13.12,3009.514,2396.135,2654.987,1578.095
"2012-08-30 11:10:00",13081,12.95,3009.108,2395.595,2654.919,1578.027
"2012-08-30 11:20:00",13082,12.9,3009.108,2395.865,2653.838,1578.095
"2012-08-30 11:30:00",13083,12.78,3009.041,2396.203,2652.554,1578.23
"2012-08-30 11:40:00",13084,12.69,3008.027,2394.919,2652.216,1578.027
"2012-08-30 11:50:00",13085,12.7,3007.757,2395.392,2651.811,1577.892
"2012-08-30 12:00:00",13086,12.67,3007.624,2395.692,2651.018,1577.755
"2012-08-30 12:10:00",13087,12.68,3006.166,2394.797,2650.491,1576.778
"2012-08-30 12:20:00",13088,12.67,3005.858,2394.619,2650.219,1576.617
"2012-08-30 12:30:00",13089,12.68,3005.431,2394.008,2649.6,1576.232
"2012-08-30 12:40:00",13090,12.71,3005.403,2393.31,2648.9,1576.15
"2012-08-30 12:50:00",13091,12.71,3004.922,2393.708,2648.758,1576.146
"2012-08-30 13:00:00",13092,12.67,3004.649,2393.707,2648.755,1576.144
"2012-08-30 13:10:00",13093,12.58,3004.041,2393.436,2648.688,1576.144
"2012-08-30 13:20:00",13094,12.56,3004.041,2393.098,2647.945,1576.144
"2012-08-30 13:30:00",13095,12.52,3004.041,2393.233,2647.404,1576.144
"2012-08-30 13:40:00",13096,12.51,3004.041,2393.233,2647.404,1575.942
"2012-08-30 13:50:00",13097,12.51,3003.095,2392.49,2646.999,1575.198
"2012-08-30 14:00:00",13098,12.51,3002.69,2392.355,2647.134,1575.063
"2012-08-30 14:10:00",13099,12.7,3002.69,2392.22,2646.864,1574.861
"2012-08-30 14:20:00",13100,12.81,3002.69,2392.288,2646.931,1574.928
"2012-08-30 14:30:00",13101,12.6,3002.69,2392.152,2646.796,1574.793
"2012-08-30 14:40:00",13102,12.63,3002.487,2392.085,2646.053,1574.793
"2012-08-30 14:50:00",13103,12.58,3001.832,2392.371,2646.071,1574.939
"2012-08-30 15:00:00",13104,12.61,3001.648,2392.332,2646.326,1574.955
"2012-08-30 15:10:00",13105,12.6,3002.03,2392.5,2646.662,1575.021
"2012-08-30 15:20:00",13106,12.59,3002.254,2392.814,2646.86,1575.273
"2012-08-30 15:30:00",13107,12.57,3002.051,2393.003,2646.852,1575.308
"2012-08-30 15:40:00",13108,12.55,3000.991,2392.884,2646.938,1575.319
"2012-08-30 15:50:00",13109,12.67,3000.997,2392.89,2646.943,1575.323
"2012-08-30 16:00:00",13110,12.53,3000.999,2392.958,2646.945,1575.256
"2012-08-30 16:10:00",13111,12.47,3000.999,2392.756,2646.945,1575.189
"2012-08-30 16:20:00",13112,12.41,3000.999,2392.891,2646.607,1575.324
"2012-08-30 16:30:00",13113,12.37,3000.999,2392.959,2646.405,1575.324
"2012-08-30 16:40:00",13114,12.36,3000.796,2392.891,2645.932,1575.324
"2012-08-30 16:50:00",13115,12.32,3000.729,2392.891,2645.594,1575.324
"2012-08-30 17:00:00",13116,12.29,3000.661,2393.026,2645.594,1575.189
"2012-08-30 17:10:00",13117,12.28,2999.715,2392.891,2645.594,1575.256
"2012-08-30 17:20:00",13118,12.26,2999.648,2392.891,2645.594,1575.324
"2012-08-30 17:30:00",13119,12.25,2999.648,2392.891,2645.594,1575.324
"2012-08-30 17:40:00",13120,12.24,2999.648,2392.959,2645.594,1575.324
"2012-08-30 17:50:00",13121,12.23,2999.648,2393.297,2645.594,1575.324
"2012-08-30 18:00:00",13122,12.23,2999.648,2393.432,2645.594,1575.324
"2012-08-30 18:10:00",13123,12.22,2999.648,2393.567,2645.594,1575.324
"2012-08-30 18:20:00",13124,12.21,2999.703,2394.286,2645.642,1575.353
"2012-08-30 18:30:00",13125,12.21,2999.802,2394.433,2647.013,1575.405
"2012-08-30 18:40:00",13126,12.2,2999.801,2394.568,2647.216,1575.404
"2012-08-30 18:50:00",13127,12.2,2999.833,2394.525,2647.379,1575.421
"2012-08-30 19:00:00",13128,12.2,2999.83,2395.063,2647.376,1575.419
"2012-08-30 19:10:00",13129,12.19,2999.796,2395.645,2648.225,1575.402
"2012-08-30 19:20:00",13130,12.19,2999.82,2395.732,2648.449,1575.617
"2012-08-30 19:30:00",13131,12.19,3000.012,2395.885,2648.618,1576.123
"2012-08-30 19:40:00",13132,12.19,2999.972,2395.853,2648.583,1576.17
"2012-08-30 19:50:00",13133,12.18,3000.235,2396.063,2648.815,1576.511
"2012-08-30 20:00:00",13134,12.18,3000.273,2396.093,2649.119,1576.801
"2012-08-30 20:10:00",13135,12.18,3000.285,2396.103,2649.603,1577.01
"2012-08-30 20:20:00",13136,12.17,3000.436,2396.358,2650.344,1576.954
"2012-08-30 20:30:00",13137,12.17,3000.71,2396.442,2650.519,1577.234
"2012-08-30 20:40:00",13138,12.17,3000.74,2396.466,2650.477,1577.114
"2012-08-30 20:50:00",13139,12.17,3000.703,2396.707,2650.58,1577.162
"2012-08-30 21:00:00",13140,12.16,3000.762,2397.092,2650.632,1577.261
"2012-08-30 21:10:00",13141,12.16,3001.074,2397.409,2650.907,1577.425
"2012-08-30 21:20:00",13142,12.16,3001.402,2397.671,2651.197,1577.597
"2012-08-30 21:30:00",13143,12.16,3001.466,2397.79,2651.254,1577.631
"2012-08-30 21:40:00",13144,12.16,3001.606,2398.375,2651.378,1577.704
"2012-08-30 21:50:00",13145,12.15,3001.722,2398.413,2651.42,1577.73
"2012-08-30 22:00:00",13146,12.15,3002.243,2398.465,2651.538,1577.719
"2012-08-30 22:10:00",13147,12.15,3002.919,2398.533,2652.755,1577.719
"2012-08-30 22:20:00",13148,12.15,3002.88,2398.556,2652.781,1577.734
"2012-08-30 22:30:00",13149,12.15,3003.024,2398.563,2652.788,1577.739
"2012-08-30 22:40:00",13150,12.15,3003.027,2398.565,2652.791,1577.74
"2012-08-30 22:50:00",13151,12.14,3003.028,2398.565,2652.791,1577.741
"2012-08-30 23:00:00",13152,12.14,3003.028,2398.565,2652.791,1577.741
"2012-08-30 23:10:00",13153,12.14,3003.028,2398.565,2652.791,1577.741
"2012-08-30 23:20:00",13154,12.14,3003.028,2398.565,2653.062,1577.741
"2012-08-30 23:30:00",13155,12.14,3003.028,2398.565,2654.076,1577.741
"2012-08-30 23:40:00",13156,12.13,3003.028,2398.565,2654.144,1577.741
"2012-08-30 23:50:00",13157,12.13,3003.501,2398.565,2654.144,1577.741
"2012-08-31 00:00:00",13158,12.13,3004.177,2398.565,2654.144,1577.741
"2012-08-31 00:10:00",13159,12.13,3004.38,2398.565,2654.144,1577.741
"2012-08-31 00:20:00",13160,12.13,3004.38,2398.565,2654.144,1577.741
"2012-08-31 00:30:00",13161,12.13,3004.38,2398.565,2654.144,1577.741
"2012-08-31 00:40:00",13162,12.13,3004.38,2398.565,2654.144,1577.741
"2012-08-31 00:50:00",13163,12.12,3004.38,2398.565,2654.144,1577.741
"2012-08-31 01:00:00",13164,12.12,3004.38,2398.565,2654.144,1577.741
"2012-08-31 01:10:00",13165,12.12,3004.38,2398.565,2654.144,1577.741
"2012-08-31 01:20:00",13166,12.12,3004.38,2398.565,2654.144,1577.741
"2012-08-31 01:30:00",13167,12.12,3004.786,2398.565,2654.684,1577.741
"2012-08-31 01:40:00",13168,12.11,3005.732,2398.565,2655.496,1577.741
"2012-08-31 01:50:00",13169,12.11,3005.665,2398.565,2655.496,1577.741
"2012-08-31 02:00:00",13170,12.11,3005.665,2398.565,2655.496,1577.741
"2012-08-31 02:10:00",13171,12.11,3005.732,2398.565,2655.496,1577.741
"2012-08-31 02:20:00",13172,12.1,3005.732,2398.565,2655.496,1577.741
"2012-08-31 02:30:00",13173,12.1,3005.732,2398.565,2655.496,1577.741
"2012-08-31 02:40:00",13174,12.1,3005.732,2398.565,2655.496,1577.741
"2012-08-31 02:50:00",13175,12.1,3005.732,2398.633,2656.172,1577.741
"2012-08-31 03:00:00",13176,12.1,3005.732,2398.565,2656.442,1577.741
"2012-08-31 03:10:00",13177,12.09,3005.732,2398.701,2656.78,1577.741
"2012-08-31 03:20:00",13178,12.09,3005.732,2399.106,2656.848,1577.741
"2012-08-31 03:30:00",13179,12.09,3005.732,2399.174,2656.848,1577.741
"2012-08-31 03:40:00",13180,12.09,3005.732,2399.85,2656.848,1577.741
"2012-08-31 03:50:00",13181,12.08,3005.732,2399.85,2656.848,1577.741
"2012-08-31 04:00:00",13182,12.08,3005.732,2399.782,2656.848,1577.741
"2012-08-31 04:10:00",13183,12.08,3005.732,2399.85,2656.848,1577.741
"2012-08-31 04:20:00",13184,12.08,3005.732,2399.782,2656.848,1577.741
"2012-08-31 04:30:00",13185,12.07,3005.732,2399.917,2656.848,1577.741
"2012-08-31 04:40:00",13186,12.07,3005.935,2399.917,2656.848,1577.741
"2012-08-31 04:50:00",13187,12.07,3006.07,2399.917,2656.848,1577.741
"2012-08-31 05:00:00",13188,12.06,3005.732,2399.58,2656.848,1577.741
"2012-08-31 05:10:00",13189,12.06,3006.611,2399.174,2656.848,1577.741
"2012-08-31 05:20:00",13190,12.06,3007.084,2398.903,2656.848,1577.741
"2012-08-31 05:30:00",13191,12.06,3007.084,2398.565,2656.848,1577.741
"2012-08-31 05:40:00",13192,12.05,3007.084,2398.565,2656.848,1577.741
"2012-08-31 05:50:00",13193,12.05,3007.084,2398.903,2656.916,1577.741
"2012-08-31 06:00:00",13194,12.05,3007.084,2399.512,2657.727,1577.741
"2012-08-31 06:10:00",13195,12.05,3007.084,2399.917,2658.2,1577.741
"2012-08-31 06:20:00",13196,12.04,3007.084,2399.917,2658.2,1577.741
"2012-08-31 06:30:00",13197,12.04,3007.084,2399.917,2658.2,1577.741
"2012-08-31 06:40:00",13198,12.04,3007.084,2399.917,2658.2,1577.741
"2012-08-31 06:50:00",13199,12.05,3007.084,2399.917,2658.2,1577.741
"2012-08-31 07:00:00",13200,12.06,3007.084,2399.917,2658.2,1577.741
"2012-08-31 07:10:00",13201,12.07,3007.152,2399.917,2658.2,1577.741
"2012-08-31 07:20:00",13202,12.07,3007.22,2399.917,2658.335,1577.741
"2012-08-31 07:30:00",13203,12.09,3007.22,2399.917,2658.47,1577.741
"2012-08-31 07:40:00",13204,12.09,3007.693,2399.917,2659.214,1577.741
"2012-08-31 07:50:00",13205,12.11,3008.099,2399.917,2659.552,1577.741
"2012-08-31 08:00:00",13206,12.15,3008.234,2399.917,2659.552,1577.741
"2012-08-31 08:10:00",13207,12.2,3008.302,2399.985,2659.552,1577.741
"2012-08-31 08:20:00",13208,12.2,3008.369,2400.121,2659.552,1577.741
"2012-08-31 08:30:00",13209,12.57,3008.437,2400.121,2659.552,1577.741
"2012-08-31 08:40:00",13210,12.46,3008.437,2400.391,2659.35,1577.741
"2012-08-31 08:50:00",13211,12.32,3008.437,2400.053,2658.268,1577.741
"2012-08-31 09:00:00",13212,12.41,3008.375,2400.612,2658.146,1577.708
"2012-08-31 09:10:00",13213,12.33,3008.123,2400.006,2657.923,1577.576
"2012-08-31 09:20:00",13214,12.3,3007.469,2399.416,2657.345,1577.233
"2012-08-31 09:30:00",13215,12.35,3006.792,2398.93,2656.806,1576.914
"2012-08-31 09:40:00",13216,12.43,3006.534,2398.454,2657.187,1576.779
"2012-08-31 09:50:00",13217,12.37,3006.471,2398.62,2657.275,1576.71
"2012-08-31 10:00:00",13218,12.35,3006.425,2398.313,2656.423,1576.686
"2012-08-31 10:10:00",13219,12.62,3006.411,2398.505,2656.343,1576.679
"2012-08-31 10:20:00",13220,13.34,3006.407,2398.298,2655.055,1576.203
"2012-08-31 10:30:00",13221,14.22,3005.325,2398.298,2655.325,1575.324
"2012-08-31 10:40:00",13222,14.07,3005.054,2398.297,2655.054,1575.324
"2012-08-31 10:50:00",13223,13.75,3005.054,2398.027,2655.054,1575.324
"2012-08-31 11:00:00",13224,13.02,3005.054,2398.297,2655.054,1575.324
"2012-08-31 11:10:00",13225,12.82,3005.054,2398.433,2655.054,1575.392
"2012-08-31 11:20:00",13226,12.75,3004.311,2398.297,2654.649,1575.324
"2012-08-31 11:30:00",13227,12.58,3003.838,2398.095,2653.703,1575.324
"2012-08-31 11:40:00",13228,12.52,3004.108,2398.297,2653.703,1575.324
"2012-08-31 11:50:00",13229,12.5,3004.716,2398.23,2653.703,1575.46
"2012-08-31 12:00:00",13230,12.48,3004.832,2398.12,2653.506,1575.208
"2012-08-31 12:10:00",13231,12.49,3004.292,2397.689,2652.827,1574.925
"2012-08-31 12:20:00",13232,12.51,3004.116,2397.549,2652.469,1574.833
"2012-08-31 12:30:00",13233,12.54,3003.928,2397.507,2651.882,1574.805
"2012-08-31 12:40:00",13234,12.73,3003.507,2397.629,2651.665,1574.797
"2012-08-31 12:50:00",13235,12.66,3002.691,2397.084,2651.458,1574.794
"2012-08-31 13:00:00",13236,12.54,3002.69,2396.678,2651.457,1574.793
"2012-08-31 13:10:00",13237,12.56,3002.69,2396.138,2650.511,1574.793
"2012-08-31 13:20:00",13238,12.52,3002.69,2396.138,2650.106,1574.793
"2012-08-31 13:30:00",13239,12.47,3002.69,2396.002,2650.106,1574.793
"2012-08-31 13:40:00",13240,12.49,3002.69,2396.273,2650.106,1574.793
"2012-08-31 13:50:00",13241,12.55,3002.69,2396.002,2650.106,1574.793
"2012-08-31 14:00:00",13242,12.58,3002.69,2395.057,2650.106,1574.793
"2012-08-31 14:10:00",13243,12.56,3002.69,2394.787,2649.025,1574.793
"2012-08-31 14:20:00",13244,12.52,3002.759,2395.166,2649.174,1574.907
"2012-08-31 14:30:00",13245,12.64,3002.19,2395.466,2649.507,1575.24
"2012-08-31 14:40:00",13246,12.58,3002.302,2395.556,2649.606,1575.096
"2012-08-31 14:50:00",13247,12.64,3002.336,2395.583,2649.635,1575.114
"2012-08-31 15:00:00",13248,12.6,3002.347,2395.591,2649.645,1575.322
"2012-08-31 15:10:00",13249,12.52,3002.35,2395.593,2649.647,1575.323
"2012-08-31 15:20:00",13250,12.51,3002.351,2395.594,2649.648,1575.324
"2012-08-31 15:30:00",13251,12.55,3002.215,2395.594,2649.648,1575.324
"2012-08-31 15:40:00",13252,12.55,3000.999,2395.594,2649.648,1575.189
"2012-08-31 15:50:00",13253,12.56,3000.999,2395.594,2649.648,1575.324
"2012-08-31 16:00:00",13254,12.53,3000.999,2395.594,2649.648,1575.324
"2012-08-31 16:10:00",13255,12.39,3000.999,2395.729,2649.648,1575.324
"2012-08-31 16:20:00",13256,12.33,3000.999,2395.594,2649.648,1575.324
"2012-08-31 16:30:00",13257,12.3,3000.999,2395.594,2649.648,1575.324
"2012-08-31 16:40:00",13258,12.28,3000.999,2395.729,2649.648,1575.324
"2012-08-31 16:50:00",13259,12.27,3000.999,2395.594,2649.648,1575.324
"2012-08-31 17:00:00",13260,12.26,3000.999,2395.662,2649.648,1575.324
"2012-08-31 17:10:00",13261,12.28,3001.124,2395.693,2649.758,1575.389
"2012-08-31 17:20:00",13262,12.24,3001.055,2395.638,2649.968,1575.353
"2012-08-31 17:30:00",13263,12.23,3001.204,2395.757,2651.18,1575.431
"2012-08-31 17:40:00",13264,12.22,3001.135,2395.702,2652.268,1575.395
"2012-08-31 17:50:00",13265,12.22,3001.391,2395.906,2652.697,1575.529
"2012-08-31 18:00:00",13266,12.21,3002.067,2396.446,2653.294,1575.884
"2012-08-31 18:10:00",13267,12.21,3002.691,2396.944,2653.846,1576.212
"2012-08-31 18:20:00",13268,12.2,3002.925,2398.348,2654.052,1576.334
"2012-08-31 18:30:00",13269,12.2,3003.808,2398.541,2654.116,1576.372
"2012-08-31 18:40:00",13270,12.2,3004.371,2398.558,2654.271,1576.384
"2012-08-31 18:50:00",13271,12.19,3004.377,2398.496,2654.209,1576.387
"2012-08-31 19:00:00",13272,12.19,3004.38,2398.565,2654.819,1576.388
"2012-08-31 19:10:00",13273,12.18,3004.38,2398.565,2655.496,1576.388
"2012-08-31 19:20:00",13274,12.18,3004.38,2398.565,2655.496,1576.388
"2012-08-31 19:30:00",13275,12.18,3004.38,2398.565,2655.496,1576.388
"2012-08-31 19:40:00",13276,12.17,3004.515,2398.565,2655.496,1576.388
"2012-08-31 19:50:00",13277,12.17,3004.786,2398.565,2655.496,1576.388
"2012-08-31 20:00:00",13278,12.17,3005.665,2398.565,2655.496,1576.388
"2012-08-31 20:10:00",13279,12.16,3005.732,2398.565,2655.496,1576.388
"2012-08-31 20:20:00",13280,12.16,3005.732,2398.565,2655.631,1576.388
"2012-08-31 20:30:00",13281,12.16,3005.732,2398.565,2655.699,1576.388
"2012-08-31 20:40:00",13282,12.16,3005.732,2398.565,2656.307,1576.388
"2012-08-31 20:50:00",13283,12.15,3005.732,2398.565,2656.307,1576.388
"2012-08-31 21:00:00",13284,12.15,3005.732,2398.565,2656.848,1576.388
"2012-08-31 21:10:00",13285,12.15,3005.732,2398.565,2656.848,1576.388
"2012-08-31 21:20:00",13286,12.14,3005.732,2398.565,2656.848,1576.388
"2012-08-31 21:30:00",13287,12.14,3005.732,2398.565,2656.848,1576.388
"2012-08-31 21:40:00",13288,12.14,3005.732,2398.565,2656.848,1576.388
"2012-08-31 21:50:00",13289,12.13,3005.732,2398.565,2656.848,1576.388
"2012-08-31 22:00:00",13290,12.14,3005.732,2398.565,2656.848,1576.388
"2012-08-31 22:10:00",13291,12.13,3005.8,2398.565,2656.848,1576.388
"2012-08-31 22:20:00",13292,12.13,3005.935,2398.565,2657.051,1576.388
"2012-08-31 22:30:00",13293,12.12,3006.07,2398.565,2657.862,1576.388
"2012-08-31 22:40:00",13294,12.12,3006.814,2398.701,2658.2,1576.388
"2012-08-31 22:50:00",13295,12.12,3007.084,2399.174,2658.2,1576.388
"2012-08-31 23:00:00",13296,12.12,3007.084,2399.85,2658.2,1576.388
"2012-08-31 23:10:00",13297,12.11,3007.084,2399.917,2658.2,1576.388
"2012-08-31 23:20:00",13298,12.11,3007.084,2399.917,2658.2,1576.388
"2012-08-31 23:30:00",13299,12.11,3007.084,2399.917,2658.2,1576.388
"2012-08-31 23:40:00",13300,12.11,3007.084,2399.917,2658.2,1576.388
"2012-08-31 23:50:00",13301,12.11,3007.084,2399.917,2658.2,1576.388
"2012-09-01 00:00:00",13302,12.1,3007.084,2399.917,2658.2,1576.388
"2012-09-01 00:10:00",13303,12.1,3007.084,2399.917,2658.2,1576.388
"2012-09-01 00:20:00",13304,12.1,3007.084,2399.85,2658.2,1576.388
"2012-09-01 00:30:00",13305,12.09,3007.084,2399.715,2658.2,1576.388
"2012-09-01 00:40:00",13306,12.09,3007.167,2399.78,2658.272,1576.431
"2012-09-01 00:50:00",13307,12.09,3007.375,2399.608,2658.457,1576.541
"2012-09-01 01:00:00",13308,12.09,3007.496,2399.029,2658.564,1576.604
"2012-09-01 01:10:00",13309,12.08,3007.795,2399.213,2658.769,1576.725
"2012-09-01 01:20:00",13310,12.08,3007.97,2399.218,2658.924,1576.817
"2012-09-01 01:30:00",13311,12.08,3007.966,2399.539,2658.979,1576.85
"2012-09-01 01:40:00",13312,12.07,3008.492,2399.851,2659.026,1576.878
"2012-09-01 01:50:00",13313,12.07,3008.76,2399.579,2659.023,1576.876
"2012-09-01 02:00:00",13314,12.07,3008.453,2399.401,2659.051,1576.893
"2012-09-01 02:10:00",13315,12.06,3008.656,2399.455,2659.111,1576.928
"2012-09-01 02:20:00",13316,12.06,3008.967,2399.473,2659.207,1576.985
"2012-09-01 02:30:00",13317,12.05,3009.104,2399.583,2659.328,1577.057
"2012-09-01 02:40:00",13318,12.05,3009.548,2399.721,2659.481,1576.81
"2012-09-01 02:50:00",13319,12.05,3009.601,2399.871,2659.647,1576.841
"2012-09-01 03:00:00",13320,12.04,3009.943,2400.036,2659.83,1576.34
"2012-09-01 03:10:00",13321,12.04,3009.815,2400.096,2659.896,1576.041
"2012-09-01 03:20:00",13322,12.04,3010.1,2400.161,2659.968,1576.219
"2012-09-01 03:30:00",13323,12.04,3009.988,2400.18,2659.989,1576.096
"2012-09-01 03:40:00",13324,12.03,3010.204,2400.339,2659.941,1576.473
"2012-09-01 03:50:00",13325,12.03,3010.091,2400.519,2659.841,1576.346
"2012-09-01 04:00:00",13326,12.03,3010.306,2400.313,2660.25,1576.727
"2012-09-01 04:10:00",13327,12.03,3010.374,2401.314,2661.325,1577.168
"2012-09-01 04:20:00",13328,12.03,3010.369,2401.323,2661.193,1577.062
"2012-09-01 04:30:00",13329,12.02,3010.304,2401.407,2661.203,1577.299
"2012-09-01 04:40:00",13330,12.02,3010.086,2401.233,2661.01,1577.253
"2012-09-01 04:50:00",13331,12.02,3009.943,2401.119,2660.884,1577.177
"2012-09-01 05:00:00",13332,12.02,3009.95,2401.057,2660.89,1577.181
"2012-09-01 05:10:00",13333,12.02,3010.034,2401.192,2660.965,1577.157
"2012-09-01 05:20:00",13334,12.02,3010.136,2401.273,2661.055,1577.279
"2012-09-01 05:30:00",13335,12.02,3010.071,2401.221,2660.997,1577.244
"2012-09-01 05:40:00",13336,12.01,3009.873,2401.063,2660.822,1577.141
"2012-09-01 05:50:00",13337,12.01,3009.662,2400.895,2660.636,1577.031
"2012-09-01 06:00:00",13338,12.01,3009.552,2400.808,2660.539,1576.973
"2012-09-01 06:10:00",13339,12.01,3009.514,2400.777,2660.505,1576.953
"2012-09-01 06:20:00",13340,12.01,3009.539,2400.796,2660.527,1576.966
"2012-09-01 06:30:00",13341,12.01,3009.492,2400.759,2660.552,1576.941
"2012-09-01 06:40:00",13342,12.01,3009.466,2400.739,2660.665,1576.928
"2012-09-01 06:50:00",13343,12.02,3009.458,2400.732,2660.591,1576.923
"2012-09-01 07:00:00",13344,12.03,3009.406,2400.691,2660.477,1576.896
"2012-09-01 07:10:00",13345,12.04,3009.555,2400.755,2661.022,1576.939
"2012-09-01 07:20:00",13346,12.05,3010.073,2400.737,2661.746,1576.927
"2012-09-01 07:30:00",13347,12.06,3010.182,2400.676,2661.671,1576.842
"2012-09-01 07:40:00",13348,12.07,3010.363,2400.835,2661.472,1576.724
"2012-09-01 07:50:00",13349,12.09,3010.192,2401.591,2661.261,1576.599
"2012-09-01 08:00:00",13350,12.13,3009.945,2401.394,2661.042,1576.47
"2012-09-01 08:10:00",13351,12.2,3009.837,2401.308,2660.947,1576.413
"2012-09-01 08:20:00",13352,12.24,3009.804,2401.282,2661.324,1576.464
"2012-09-01 08:30:00",13353,12.65,3009.794,2401.274,2662.261,1577.27
"2012-09-01 08:40:00",13354,12.5,3009.926,2401.339,2662.124,1577.539
"2012-09-01 08:50:00",13355,12.34,3010.061,2401.947,2662.19,1577.606
"2012-09-01 09:00:00",13356,12.38,3010.06,2401.812,2661.785,1577.674
"2012-09-01 09:10:00",13357,12.3,3010.263,2402.555,2661.041,1577.741
"2012-09-01 09:20:00",13358,12.26,3009.858,2402.555,2660.906,1577.674
"2012-09-01 09:30:00",13359,12.29,3009.791,2402.57,2660.846,1577.706
"2012-09-01 09:40:00",13360,12.37,3009.13,2402.096,2660.66,1577.396
"2012-09-01 09:50:00",13361,12.33,3008.325,2401.453,2660.827,1576.973
"2012-09-01 10:00:00",13362,12.34,3008.745,2401.141,2660.616,1576.768
"2012-09-01 10:10:00",13363,12.48,3008.959,2400.84,2659.629,1576.434
"2012-09-01 10:20:00",13364,13.36,3008.854,2400.742,2658.987,1575.603
"2012-09-01 10:30:00",13365,14.51,3008.302,2400.801,2659.044,1575.327
"2012-09-01 10:40:00",13366,14.09,3007.758,2400.933,2659.109,1575.325
"2012-09-01 10:50:00",13367,13.64,3007.825,2400.392,2658.297,1575.324
"2012-09-01 11:00:00",13368,13.07,3007.757,2400.054,2658.162,1575.324
"2012-09-01 11:10:00",13369,12.79,3007.757,2400.257,2658.162,1575.324
"2012-09-01 11:20:00",13370,12.72,3007.419,2401,2657.757,1575.324
"2012-09-01 11:30:00",13371,12.64,3006.473,2401,2657.757,1575.324
"2012-09-01 11:40:00",13372,12.61,3007.284,2401,2657.757,1575.324
"2012-09-01 11:50:00",13373,12.6,3007.675,2400.935,2657.685,1575.282
"2012-09-01 12:00:00",13374,12.54,3008.226,2400.376,2657.216,1575.004
"2012-09-01 12:10:00",13375,12.56,3007.197,2400.284,2656.964,1574.854
"2012-09-01 12:20:00",13376,12.58,3007.792,2400.219,2656.892,1574.812
"2012-09-01 12:30:00",13377,12.68,3007.901,2400.199,2656.33,1574.799
"2012-09-01 12:40:00",13378,12.79,3006.948,2400.192,2655.917,1574.795
"2012-09-01 12:50:00",13379,12.72,3006.743,2400.191,2655.51,1574.793
"2012-09-01 13:00:00",13380,12.7,3006.607,2398.975,2655.51,1574.793
"2012-09-01 13:10:00",13381,12.71,3006.202,2398.705,2654.902,1574.793
"2012-09-01 13:20:00",13382,12.69,3005.864,2398.772,2654.159,1574.793
"2012-09-01 13:30:00",13383,12.64,3005.392,2398.637,2654.159,1574.793
"2012-09-01 13:40:00",13384,12.58,3005.392,2398.502,2654.159,1574.793
"2012-09-01 13:50:00",13385,12.61,3005.392,2397.826,2654.159,1574.793
"2012-09-01 14:00:00",13386,12.6,3005.392,2397.624,2654.159,1574.523
"2012-09-01 14:10:00",13387,12.61,3005.392,2397.489,2654.159,1574.658
"2012-09-01 14:20:00",13388,12.58,3005.392,2397.489,2654.159,1573.442
"2012-09-01 14:30:00",13389,12.56,3005.392,2397.489,2653.956,1573.442
"2012-09-01 14:40:00",13390,12.47,3005.473,2397.554,2653.42,1573.485
"2012-09-01 14:50:00",13391,12.54,3005.906,2397.899,2653.262,1573.712
"2012-09-01 15:00:00",13392,12.55,3006.235,2398.162,2653.552,1573.884
"2012-09-01 15:10:00",13393,12.66,3005.34,2398.121,2653.657,1573.946
"2012-09-01 15:20:00",13394,12.61,3005.038,2398.149,2653.688,1573.964
"2012-09-01 15:30:00",13395,12.55,3005.049,2398.023,2653.698,1573.97
"2012-09-01 15:40:00",13396,12.47,3005.052,2398.296,2653.701,1573.972
"2012-09-01 15:50:00",13397,12.58,3005.053,2398.296,2653.702,1573.972
"2012-09-01 16:00:00",13398,12.48,3005.053,2398.094,2653.702,1573.972
"2012-09-01 16:10:00",13399,12.44,3005.053,2398.296,2653.635,1574.04
"2012-09-01 16:20:00",13400,12.34,3005.053,2398.161,2652.486,1573.972
"2012-09-01 16:30:00",13401,12.36,3005.053,2398.161,2652.418,1573.972
"2012-09-01 16:40:00",13402,12.39,3005.053,2398.296,2652.351,1573.972
"2012-09-01 16:50:00",13403,12.36,3005.053,2398.296,2652.351,1573.972
"2012-09-01 17:00:00",13404,12.34,3005.053,2398.296,2652.351,1573.972
"2012-09-01 17:10:00",13405,12.32,3004.986,2398.296,2652.351,1573.972
"2012-09-01 17:20:00",13406,12.28,3005.053,2398.296,2652.351,1574.04
"2012-09-01 17:30:00",13407,12.25,3005.053,2398.296,2652.351,1575.121
"2012-09-01 17:40:00",13408,12.24,3005.053,2398.296,2652.351,1575.189
"2012-09-01 17:50:00",13409,12.23,3005.053,2398.296,2652.553,1575.189
"2012-09-01 18:00:00",13410,12.22,3005.053,2398.296,2652.756,1575.324
"2012-09-01 18:10:00",13411,12.22,3004.986,2398.296,2652.553,1575.324
"2012-09-01 18:20:00",13412,12.21,3004.986,2398.296,2653.026,1575.324
"2012-09-01 18:30:00",13413,12.21,3005.118,2398.348,2653.759,1575.358
"2012-09-01 18:40:00",13414,12.2,3005.114,2398.345,2653.755,1575.356
"2012-09-01 18:50:00",13415,12.2,3005.29,2398.485,2654.586,1575.448
"2012-09-01 19:00:00",13416,12.19,3005.621,2398.75,2655.487,1575.621
"2012-09-01 19:10:00",13417,12.19,3005.881,2399.025,2655.785,1575.758
"2012-09-01 19:20:00",13418,12.18,3006.397,2399.572,2656.24,1576.028
"2012-09-01 19:30:00",13419,12.18,3006.84,2399.858,2656.632,1576.26
"2012-09-01 19:40:00",13420,12.18,3007.013,2400.131,2656.785,1576.351
"2012-09-01 19:50:00",13421,12.17,3007.063,2400.712,2657.235,1576.377
"2012-09-01 20:00:00",13422,12.17,3007.687,2401.265,2658.195,1576.385
"2012-09-01 20:10:00",13423,12.17,3008.3,2401.269,2658.199,1576.388
"2012-09-01 20:20:00",13424,12.16,3008.369,2401.27,2658.2,1576.388
"2012-09-01 20:30:00",13425,12.16,3008.437,2401.27,2658.944,1576.388
"2012-09-01 20:40:00",13426,12.16,3008.437,2401.27,2659.552,1576.388
"2012-09-01 20:50:00",13427,12.15,3008.437,2401.337,2659.552,1576.388
"2012-09-01 21:00:00",13428,12.15,3008.437,2402.216,2659.552,1576.388
"2012-09-01 21:10:00",13429,12.15,3009.248,2402.622,2659.688,1576.388
"2012-09-01 21:20:00",13430,12.15,3009.586,2402.622,2659.755,1576.388
"2012-09-01 21:30:00",13431,12.15,3009.789,2402.622,2660.499,1576.524
"2012-09-01 21:40:00",13432,12.14,3009.789,2402.622,2660.905,1576.794
"2012-09-01 21:50:00",13433,12.14,3009.789,2402.622,2660.905,1577.267
"2012-09-01 22:00:00",13434,12.14,3009.789,2402.622,2660.905,1577.267
"2012-09-01 22:10:00",13435,12.14,3009.857,2402.622,2660.905,1577.673
"2012-09-01 22:20:00",13436,12.13,3010.668,2402.622,2660.905,1577.673
"2012-09-01 22:30:00",13437,12.13,3010.938,2402.622,2660.905,1577.673
"2012-09-01 22:40:00",13438,12.13,3011.141,2402.622,2661.446,1577.673
"2012-09-01 22:50:00",13439,12.13,3011.141,2402.622,2662.122,1577.673
"2012-09-01 23:00:00",13440,12.12,3011.074,2402.622,2662.189,1577.741
"2012-09-01 23:10:00",13441,12.12,3011.006,2402.622,2662.257,1577.741
"2012-09-01 23:20:00",13442,12.12,3011.141,2402.622,2662.257,1577.741
"2012-09-01 23:30:00",13443,12.12,3011.141,2402.622,2662.257,1577.673
"2012-09-01 23:40:00",13444,12.11,3011.141,2402.622,2662.257,1577.741
"2012-09-01 23:50:00",13445,12.11,3011.141,2402.622,2662.257,1577.741
"2012-09-02 00:00:00",13446,12.11,3011.141,2402.622,2662.257,1577.741
"2012-09-02 00:10:00",13447,12.11,3011.141,2402.622,2662.257,1577.741
"2012-09-02 00:20:00",13448,12.1,3011.141,2402.622,2662.257,1577.673
"2012-09-02 00:30:00",13449,12.1,3011.141,2402.622,2662.257,1577.673
"2012-09-02 00:40:00",13450,12.09,3011.141,2402.622,2662.257,1577.538
"2012-09-02 00:50:00",13451,12.09,3011.141,2402.622,2662.257,1577.538
"2012-09-02 01:00:00",13452,12.09,3011.141,2402.622,2662.257,1577.2
"2012-09-02 01:10:00",13453,12.09,3011.141,2402.622,2662.257,1577.47
"2012-09-02 01:20:00",13454,12.08,3011.141,2402.622,2662.798,1577.335
"2012-09-02 01:30:00",13455,12.08,3011.141,2402.622,2663.609,1577.47
"2012-09-02 01:40:00",13456,12.07,3011.209,2402.622,2663.609,1577.605
"2012-09-02 01:50:00",13457,12.07,3011.141,2402.622,2663.609,1577.403
"2012-09-02 02:00:00",13458,12.07,3011.412,2402.622,2663.609,1577.403
"2012-09-02 02:10:00",13459,12.06,3011.344,2402.622,2663.609,1577.267
"2012-09-02 02:20:00",13460,12.06,3011.344,2402.622,2663.609,1576.862
"2012-09-02 02:30:00",13461,12.06,3011.209,2402.622,2663.609,1576.726
"2012-09-02 02:40:00",13462,12.05,3011.209,2402.622,2663.609,1576.591
"2012-09-02 02:50:00",13463,12.05,3011.412,2402.622,2663.609,1576.388
"2012-09-02 03:00:00",13464,12.05,3011.277,2402.622,2663.609,1576.388
"2012-09-02 03:10:00",13465,12.04,3011.277,2402.622,2663.609,1576.388
"2012-09-02 03:20:00",13466,12.04,3011.209,2402.622,2663.609,1576.388
"2012-09-02 03:30:00",13467,12.04,3011.412,2402.622,2663.609,1576.388
"2012-09-02 03:40:00",13468,12.04,3011.412,2402.622,2663.609,1576.388
"2012-09-02 03:50:00",13469,12.04,3011.479,2402.622,2663.609,1576.388
"2012-09-02 04:00:00",13470,12.03,3011.547,2402.622,2663.609,1576.388
"2012-09-02 04:10:00",13471,12.03,3011.479,2402.622,2663.609,1576.388
"2012-09-02 04:20:00",13472,12.03,3011.277,2402.622,2663.88,1576.388
"2012-09-02 04:30:00",13473,12.03,3011.141,2402.622,2664.826,1576.388
"2012-09-02 04:40:00",13474,12.02,3011.277,2402.622,2664.826,1576.659
"2012-09-02 04:50:00",13475,12.02,3011.953,2402.622,2664.961,1577.47
"2012-09-02 05:00:00",13476,12.02,3012.494,2402.622,2664.961,1577.741
"2012-09-02 05:10:00",13477,12.02,3012.494,2402.622,2664.961,1577.605
"2012-09-02 05:20:00",13478,12.02,3012.494,2402.622,2664.961,1577.605
"2012-09-02 05:30:00",13479,12.02,3012.494,2402.622,2664.961,1577.605
"2012-09-02 05:40:00",13480,12.02,3012.494,2402.622,2664.961,1577.538
"2012-09-02 05:50:00",13481,12.01,3012.494,2402.622,2664.961,1577.741
"2012-09-02 06:00:00",13482,12.01,3012.494,2402.69,2664.961,1577.605
"2012-09-02 06:10:00",13483,12.01,3012.494,2402.622,2664.961,1577.47
"2012-09-02 06:20:00",13484,12.01,3012.494,2402.622,2664.961,1577.605
"2012-09-02 06:30:00",13485,12.01,3012.494,2402.622,2664.961,1577.605
"2012-09-02 06:40:00",13486,12.02,3012.494,2402.622,2664.961,1577.605
"2012-09-02 06:50:00",13487,12.03,3012.494,2402.622,2664.961,1577.403
"2012-09-02 07:00:00",13488,12.03,3012.494,2402.69,2664.961,1577.538
"2012-09-02 07:10:00",13489,12.04,3012.494,2403.028,2664.961,1577.538
"2012-09-02 07:20:00",13490,12.05,3012.494,2403.839,2664.961,1577.673
"2012-09-02 07:30:00",13491,12.07,3012.494,2403.974,2665.165,1577.741
"2012-09-02 07:40:00",13492,12.07,3012.561,2404.177,2665.097,1577.741
"2012-09-02 07:50:00",13493,12.09,3012.967,2405.327,2666.179,1577.741
"2012-09-02 08:00:00",13494,12.13,3013.778,2405.056,2666.314,1577.741
"2012-09-02 08:10:00",13495,12.21,3013.846,2405.327,2666.314,1577.741
"2012-09-02 08:20:00",13496,12.29,3013.846,2405.327,2666.381,1577.741
"2012-09-02 08:30:00",13497,12.61,3013.846,2405.327,2667.598,1577.741
"2012-09-02 08:40:00",13498,12.4,3013.846,2405.327,2667.666,1577.876
"2012-09-02 08:50:00",13499,12.29,3013.846,2405.327,2667.666,1577.876
"2012-09-02 09:00:00",13500,12.31,3013.836,2405.319,2667.657,1577.938
"2012-09-02 09:10:00",13501,12.25,3013.628,2405.153,2667.203,1577.694
"2012-09-02 09:20:00",13502,12.24,3013.02,2404.938,2665.718,1577.308
"2012-09-02 09:30:00",13503,12.27,3012.349,2404.74,2664.99,1577.025
"2012-09-02 09:40:00",13504,12.31,3012.102,2405.016,2664.771,1577.166
"2012-09-02 09:50:00",13505,12.29,3011.907,2405.131,2664.734,1577.402
"2012-09-02 10:00:00",13506,12.3,3012.516,2404.469,2664.54,1577.096
"2012-09-02 10:10:00",13507,12.44,3013.171,2403.709,2663.778,1576.68
"2012-09-02 10:20:00",13508,13.28,3012.624,2403.705,2663.299,1576.677
"2012-09-02 10:30:00",13509,14.01,3012.014,2403.703,2663.163,1576.676
"2012-09-02 10:40:00",13510,13.75,3011.811,2403.703,2663.162,1576.608
"2012-09-02 10:50:00",13511,13.28,3011.811,2403.703,2663.095,1576.608
"2012-09-02 11:00:00",13512,12.83,3011.811,2403.635,2662.014,1576.608
"2012-09-02 11:10:00",13513,12.68,3011.811,2403.568,2661.068,1576.676
"2012-09-02 11:20:00",13514,12.61,3010.865,2403.703,2660.459,1576.676
"2012-09-02 11:30:00",13515,12.53,3010.335,2403.657,2660.409,1576.578
"2012-09-02 11:40:00",13516,12.51,3009.871,2403.233,2659.872,1576.3
"2012-09-02 11:50:00",13517,12.5,3009.642,2402.996,2659.204,1576.212
"2012-09-02 12:00:00",13518,12.47,3010.63,2402.922,2658.38,1576.164
"2012-09-02 12:10:00",13519,12.46,3009.75,2402.813,2658.124,1576.092
"2012-09-02 12:20:00",13520,12.46,3009.104,2402.405,2657.402,1575.825
"2012-09-02 12:30:00",13521,12.47,3009.292,2402.178,2656.543,1575.608
"2012-09-02 12:40:00",13522,12.5,3007.586,2402.109,2655.995,1575.563
"2012-09-02 12:50:00",13523,12.47,3007.426,2401.549,2655.973,1575.618
"2012-09-02 13:00:00",13524,12.43,3007.081,2401.138,2655.426,1575.344
"2012-09-02 13:10:00",13525,12.41,3007.078,2400.731,2654.614,1574.397
"2012-09-02 13:20:00",13526,12.39,3007.148,2399.976,2654.54,1574.366
"2012-09-02 13:30:00",13527,12.39,3007.165,2399.72,2653.475,1574.307
"2012-09-02 13:40:00",13528,12.37,3007.158,2399.445,2653.334,1574.304
"2012-09-02 13:50:00",13529,12.35,3006.505,2399.408,2653.294,1574.28
"2012-09-02 14:00:00",13530,12.35,3005.468,2399.186,2653.272,1574.267
"2012-09-02 14:10:00",13531,12.5,3005.258,2398.842,2653.265,1574.263
"2012-09-02 14:20:00",13532,12.55,3005.728,2398.03,2653.263,1574.262
"2012-09-02 14:30:00",13533,12.46,3005.728,2398.03,2653.263,1574.262
"2012-09-02 14:40:00",13534,12.51,3004.377,2398.03,2652.723,1574.262
"2012-09-02 14:50:00",13535,12.41,3004.377,2398.03,2651.913,1574.262
"2012-09-02 15:00:00",13536,12.37,3004.406,2398.053,2651.6,1574.277
"2012-09-02 15:10:00",13537,12.36,3004.523,2398.308,2650.869,1574.444
"2012-09-02 15:20:00",13538,12.42,3003.977,2398.019,2651.222,1574.654
"2012-09-02 15:30:00",13539,12.43,3003.961,2397.898,2651.386,1574.346
"2012-09-02 15:40:00",13540,12.38,3002.733,2397.807,2651.435,1574.713
"2012-09-02 15:50:00",13541,12.42,3002.682,2398.158,2651.45,1574.722
"2012-09-02 16:00:00",13542,12.35,3002.687,2397.959,2651.455,1574.792
"2012-09-02 16:10:00",13543,12.32,3002.688,2398.028,2651.456,1574.793
"2012-09-02 16:20:00",13544,12.31,3002.689,2398.163,2651.456,1574.793
"2012-09-02 16:30:00",13545,12.29,3002.689,2398.028,2651.456,1574.793
"2012-09-02 16:40:00",13546,12.29,3002.689,2398.028,2650.713,1574.793
"2012-09-02 16:50:00",13547,12.26,3002.781,2398.034,2650.186,1574.841
"2012-09-02 17:00:00",13548,12.26,3002.929,2398.085,2650.25,1574.919
"2012-09-02 17:10:00",13549,12.24,3003.317,2398.26,2649.714,1575.122
"2012-09-02 17:20:00",13550,12.23,3003.589,2398.612,2649.548,1575.265
"2012-09-02 17:30:00",13551,12.21,3003.667,2398.404,2649.617,1575.306
"2012-09-02 17:40:00",13552,12.2,3003.692,2398.559,2649.639,1575.319
"2012-09-02 17:50:00",13553,12.19,3003.699,2398.903,2649.781,1575.323
"2012-09-02 18:00:00",13554,12.19,3003.702,2399.648,2650.931,1575.324
"2012-09-02 18:10:00",13555,12.18,3003.432,2399.648,2650.999,1575.324
"2012-09-02 18:20:00",13556,12.18,3003.567,2399.648,2650.999,1575.324
"2012-09-02 18:30:00",13557,12.17,3002.959,2399.648,2652.148,1575.324
"2012-09-02 18:40:00",13558,12.17,3002.621,2399.648,2652.351,1575.324
"2012-09-02 18:50:00",13559,12.16,3002.351,2399.648,2652.351,1575.324
"2012-09-02 19:00:00",13560,12.16,3002.468,2399.688,2652.395,1575.147
"2012-09-02 19:10:00",13561,12.16,3002.49,2399.705,2652.414,1574.686
"2012-09-02 19:20:00",13562,12.15,3002.468,2399.742,2652.59,1574.71
"2012-09-02 19:30:00",13563,12.15,3002.493,2399.762,2652.679,1574.182
"2012-09-02 19:40:00",13564,12.14,3002.944,2400.122,2653.28,1574.283
"2012-09-02 19:50:00",13565,12.14,3003.611,2400.439,2654.577,1574.492
"2012-09-02 20:00:00",13566,12.14,3004.821,2400.812,2654.989,1574.736
"2012-09-02 20:10:00",13567,12.13,3005.554,2401.263,2655.338,1574.943
"2012-09-02 20:20:00",13568,12.13,3005.679,2401.565,2655.448,1575.008
"2012-09-02 20:30:00",13569,12.13,3005.716,2401.663,2655.481,1575.028
"2012-09-02 20:40:00",13570,12.12,3005.66,2401.942,2655.626,1575.034
"2012-09-02 20:50:00",13571,12.12,3005.731,2402.283,2656.644,1575.036
"2012-09-02 21:00:00",13572,12.12,3005.732,2402.352,2656.78,1575.036
"2012-09-02 21:10:00",13573,12.11,3005.732,2402.555,2656.848,1575.036
"2012-09-02 21:20:00",13574,12.11,3005.732,2402.622,2656.848,1575.036
"2012-09-02 21:30:00",13575,12.11,3005.732,2402.622,2656.848,1575.036
"2012-09-02 21:40:00",13576,12.1,3005.732,2402.622,2656.848,1575.036
"2012-09-02 21:50:00",13577,12.1,3005.732,2402.622,2657.186,1575.036
"2012-09-02 22:00:00",13578,12.09,3005.732,2402.622,2658.132,1575.036
"2012-09-02 22:10:00",13579,12.09,3005.8,2402.622,2658.2,1575.036
"2012-09-02 22:20:00",13580,12.09,3006.07,2402.622,2658.2,1575.036
"2012-09-02 22:30:00",13581,12.08,3006.273,2402.622,2658.538,1575.104
"2012-09-02 22:40:00",13582,12.08,3007.017,2402.622,2659.552,1575.239
"2012-09-02 22:50:00",13583,12.08,3007.084,2402.622,2659.552,1575.171
"2012-09-02 23:00:00",13584,12.07,3007.084,2402.622,2659.552,1575.171
"2012-09-02 23:10:00",13585,12.07,3007.084,2402.622,2659.552,1575.307
"2012-09-02 23:20:00",13586,12.07,3007.084,2402.825,2659.552,1575.239
"2012-09-02 23:30:00",13587,12.06,3007.422,2403.028,2659.552,1575.374
"2012-09-02 23:40:00",13588,12.06,3007.828,2403.433,2659.552,1575.577
"2012-09-02 23:50:00",13589,12.06,3008.302,2403.907,2659.823,1575.307
"2012-09-03 00:00:00",13590,12.06,3008.234,2403.907,2659.755,1575.442
"2012-09-03 00:10:00",13591,12.05,3008.369,2403.974,2660.499,1575.442
"2012-09-03 00:20:00",13592,12.05,3008.437,2403.974,2660.905,1575.374
"2012-09-03 00:30:00",13593,12.05,3008.437,2403.974,2660.905,1575.645
"2012-09-03 00:40:00",13594,12.04,3008.437,2403.974,2660.905,1575.915
"2012-09-03 00:50:00",13595,12.04,3008.437,2403.974,2661.108,1576.05
"2012-09-03 01:00:00",13596,12.04,3008.437,2403.974,2661.987,1576.321
"2012-09-03 01:10:00",13597,12.04,3008.437,2403.974,2662.257,1576.388
"2012-09-03 01:20:00",13598,12.04,3008.437,2405.124,2662.257,1576.388
"2012-09-03 01:30:00",13599,12.04,3008.437,2405.327,2662.257,1576.388
"2012-09-03 01:40:00",13600,12.03,3008.437,2405.327,2662.257,1576.388
"2012-09-03 01:50:00",13601,12.03,3009.383,2405.327,2662.257,1576.388
"2012-09-03 02:00:00",13602,12.03,3009.789,2405.327,2662.257,1576.388
"2012-09-03 02:10:00",13603,12.03,3009.789,2405.327,2662.257,1576.388
"2012-09-03 02:20:00",13604,12.03,3009.789,2405.327,2662.257,1576.388
"2012-09-03 02:30:00",13605,12.03,3009.789,2405.327,2662.257,1576.388
"2012-09-03 02:40:00",13606,12.03,3009.789,2405.327,2663.271,1576.388
"2012-09-03 02:50:00",13607,12.02,3009.789,2405.327,2663.609,1576.388
"2012-09-03 03:00:00",13608,12.02,3009.789,2405.327,2663.609,1576.388
"2012-09-03 03:10:00",13609,12.02,3009.789,2405.327,2663.609,1576.388
"2012-09-03 03:20:00",13610,12.02,3009.789,2405.327,2663.609,1576.388
"2012-09-03 03:30:00",13611,12.02,3009.789,2405.327,2663.609,1576.388
"2012-09-03 03:40:00",13612,12.02,3009.789,2405.327,2663.609,1576.388
"2012-09-03 03:50:00",13613,12.02,3009.992,2405.327,2663.609,1576.388
"2012-09-03 04:00:00",13614,12.02,3010.195,2405.327,2663.609,1576.388
"2012-09-03 04:10:00",13615,12.02,3010.803,2405.327,2663.609,1576.388
"2012-09-03 04:20:00",13616,12.01,3011.074,2405.327,2663.677,1576.388
"2012-09-03 04:30:00",13617,12.01,3011.074,2405.327,2664.218,1576.388
"2012-09-03 04:40:00",13618,12.01,3011.006,2405.327,2664.826,1576.388
"2012-09-03 04:50:00",13619,12.01,3011.074,2405.327,2664.826,1576.388
"2012-09-03 05:00:00",13620,12.01,3011.141,2405.327,2664.961,1576.388
"2012-09-03 05:10:00",13621,12.01,3011.141,2405.327,2664.894,1576.388
"2012-09-03 05:20:00",13622,12.01,3011.141,2405.327,2664.894,1576.388
"2012-09-03 05:30:00",13623,12,3011.141,2405.327,2664.961,1576.388
"2012-09-03 05:40:00",13624,12,3011.141,2405.327,2664.961,1576.388
"2012-09-03 05:50:00",13625,12,3011.141,2405.327,2664.961,1576.388
"2012-09-03 06:00:00",13626,12,3011.141,2405.327,2664.961,1576.388
"2012-09-03 06:10:00",13627,12,3011.141,2405.327,2664.961,1576.388
"2012-09-03 06:20:00",13628,12,3011.141,2405.327,2664.961,1576.388
"2012-09-03 06:30:00",13629,12,3011.141,2405.327,2664.961,1576.388
"2012-09-03 06:40:00",13630,12,3011.141,2405.327,2664.961,1576.388
"2012-09-03 06:50:00",13631,12.01,3011.141,2405.327,2664.961,1576.388
"2012-09-03 07:00:00",13632,12.02,3011.141,2405.327,2664.961,1576.388
"2012-09-03 07:10:00",13633,12.03,3011.074,2405.327,2664.961,1576.388
"2012-09-03 07:20:00",13634,12.04,3011.141,2405.327,2664.961,1576.388
"2012-09-03 07:30:00",13635,12.05,3011.141,2405.327,2664.961,1576.388
"2012-09-03 07:40:00",13636,12.06,3011.006,2405.462,2664.961,1576.388
"2012-09-03 07:50:00",13637,12.08,3011.141,2406.476,2664.961,1576.388
"2012-09-03 08:00:00",13638,12.1,3011.141,2406.679,2664.961,1576.388
"2012-09-03 08:10:00",13639,12.22,3011.141,2406.679,2664.961,1576.388
"2012-09-03 08:20:00",13640,12.32,3011.141,2406.679,2664.961,1576.388
"2012-09-03 08:30:00",13641,12.54,3011.141,2406.679,2665.367,1576.388
"2012-09-03 08:40:00",13642,12.32,3010.823,2406.425,2664.883,1576.222
"2012-09-03 08:50:00",13643,12.24,3010.245,2405.962,2664.236,1575.919
"2012-09-03 09:00:00",13644,12.27,3009.699,2405.527,2663.686,1575.634
"2012-09-03 09:10:00",13645,12.22,3009.326,2405.228,2663.354,1575.438
"2012-09-03 09:20:00",13646,12.21,3009.175,2405.107,2663.221,1575.359
"2012-09-03 09:30:00",13647,12.23,3008.993,2405.07,2663.18,1575.335
"2012-09-03 09:40:00",13648,12.27,3009.046,2405.126,2663.167,1575.327
"2012-09-03 09:50:00",13649,12.25,3009.11,2405.19,2663.164,1575.528
"2012-09-03 10:00:00",13650,12.26,3009.108,2405.054,2663.162,1575.797
"2012-09-03 10:10:00",13651,12.39,3009.108,2405.054,2663.162,1575.324
"2012-09-03 10:20:00",13652,13.06,3009.108,2405.054,2662.487,1575.324
"2012-09-03 10:30:00",13653,13.76,3008.979,2405.005,2661.757,1575.292
"2012-09-03 10:40:00",13654,13.5,3008.436,2404.949,2660.749,1575.256
"2012-09-03 10:50:00",13655,13,3007.547,2404.211,2660.274,1575.215
"2012-09-03 11:00:00",13656,12.74,3007.418,2403.568,2660.093,1575.147
"2012-09-03 11:10:00",13657,12.6,3006.991,2403.091,2658.634,1574.923
"2012-09-03 11:20:00",13658,12.53,3005.667,2403.018,2658.006,1574.831
"2012-09-03 11:30:00",13659,12.47,3005.413,2403.382,2657.15,1574.805
"2012-09-03 11:40:00",13660,12.45,3005.284,2403.347,2656.766,1574.737
"2012-09-03 11:50:00",13661,12.43,3004.728,2403.307,2656.274,1574.446
"2012-09-03 12:00:00",13662,12.42,3004.615,2402.974,2655.785,1574.316
"2012-09-03 12:10:00",13663,12.42,3004.611,2402.579,2654.776,1574.278
"2012-09-03 12:20:00",13664,12.41,3004.386,2402.291,2654.621,1574.266
"2012-09-03 12:30:00",13665,12.47,3004.379,2402.488,2654.615,1574.263
"2012-09-03 12:40:00",13666,12.48,3004.357,2402.065,2654.393,1574.251
"2012-09-03 12:50:00",13667,12.43,3003.492,2401.914,2653.078,1574.152
"2012-09-03 13:00:00",13668,12.41,3002.858,2402,2653.174,1574.209
"2012-09-03 13:10:00",13669,12.41,3002.524,2402.057,2652.426,1574.246
"2012-09-03 13:20:00",13670,12.38,3002.477,2402.073,2651.904,1574.257
"2012-09-03 13:30:00",13671,12.38,3002.618,2402.078,2651.909,1574.26
"2012-09-03 13:40:00",13672,12.36,3002.215,2402.08,2651.911,1574.261
"2012-09-03 13:50:00",13673,12.35,3001.877,2401.742,2651.101,1574.261
"2012-09-03 14:00:00",13674,12.35,3000.864,2401,2650.561,1574.261
"2012-09-03 14:10:00",13675,12.53,3000.392,2400.729,2650.561,1573.046
"2012-09-03 14:20:00",13676,12.58,3000.324,2400.459,2650.561,1572.91
"2012-09-03 14:30:00",13677,12.5,3000.324,2400.729,2650.561,1572.91
"2012-09-03 14:40:00",13678,12.54,3000.324,2400.054,2650.561,1572.91
"2012-09-03 14:50:00",13679,12.41,2999.379,2399.514,2650.561,1572.91
"2012-09-03 15:00:00",13680,12.37,2998.974,2399.379,2650.561,1572.91
"2012-09-03 15:10:00",13681,12.35,2998.974,2399.379,2649.75,1572.91
"2012-09-03 15:20:00",13682,12.46,2998.974,2399.379,2649.21,1572.91
"2012-09-03 15:30:00",13683,12.42,2998.974,2399.379,2649.21,1572.91
"2012-09-03 15:40:00",13684,12.38,2997.893,2399.379,2649.21,1572.91
"2012-09-03 15:50:00",13685,12.38,2997.623,2399.379,2649.21,1572.91
"2012-09-03 16:00:00",13686,12.33,2997.2,2399.418,2649.254,1572.937
"2012-09-03 16:10:00",13687,12.3,2996.862,2399.526,2649.373,1573.007
"2012-09-03 16:20:00",13688,12.28,2996.723,2399.739,2649.608,1573.147
"2012-09-03 16:30:00",13689,12.27,2996.991,2399.954,2649.169,1573.287
"2012-09-03 16:40:00",13690,12.26,2997.137,2400.071,2648.624,1573.364
"2012-09-03 16:50:00",13691,12.24,2997.24,2400.153,2648.714,1573.418
"2012-09-03 17:00:00",13692,12.23,2997.272,2400.179,2648.743,1573.435
"2012-09-03 17:10:00",13693,12.21,2997.281,2400.187,2648.751,1573.44
"2012-09-03 17:20:00",13694,12.2,2997.284,2400.189,2648.753,1573.441
"2012-09-03 17:30:00",13695,12.19,2997.285,2400.19,2648.754,1573.442
"2012-09-03 17:40:00",13696,12.18,2997.285,2400.19,2649.97,1573.442
"2012-09-03 17:50:00",13697,12.17,2997.617,2401.401,2650.398,1573.616
"2012-09-03 18:00:00",13698,12.16,2998.084,2402.181,2651.96,1573.861
"2012-09-03 18:10:00",13699,12.16,2998.232,2402.299,2652.294,1573.939
"2012-09-03 18:20:00",13700,12.16,2998.278,2402.336,2652.334,1573.963
"2012-09-03 18:30:00",13701,12.15,2998.291,2402.346,2652.346,1573.97
"2012-09-03 18:40:00",13702,12.15,2998.295,2402.35,2652.62,1573.972
"2012-09-03 18:50:00",13703,12.14,2998.296,2402.351,2652.621,1573.972
"2012-09-03 19:00:00",13704,12.14,2998.296,2402.351,2653.567,1573.972
"2012-09-03 19:10:00",13705,12.13,2998.364,2402.351,2653.702,1573.972
"2012-09-03 19:20:00",13706,12.13,2998.499,2402.351,2653.702,1573.972
"2012-09-03 19:30:00",13707,12.13,2998.567,2402.351,2653.77,1573.972
"2012-09-03 19:40:00",13708,12.12,2998.77,2402.351,2654.851,1573.972
"2012-09-03 19:50:00",13709,12.12,2998.982,2402.359,2654.927,1573.978
"2012-09-03 20:00:00",13710,12.12,2999.73,2402.484,2655.126,1574.016
"2012-09-03 20:10:00",13711,12.11,2999.912,2402.63,2655.287,1574.111
"2012-09-03 20:20:00",13712,12.11,3000.085,2403.106,2655.44,1574.202
"2012-09-03 20:30:00",13713,12.11,3000.364,2403.871,2655.687,1574.348
"2012-09-03 20:40:00",13714,12.1,3000.983,2404.704,2656.235,1574.673
"2012-09-03 20:50:00",13715,12.1,3001.47,2404.837,2657.417,1574.893
"2012-09-03 21:00:00",13716,12.1,3002.421,2405.084,2658.082,1574.966
"2012-09-03 21:10:00",13717,12.09,3002.888,2405.201,2658.136,1574.998
"2012-09-03 21:20:00",13718,12.09,3003.007,2405.31,2658.182,1575.025
"2012-09-03 21:30:00",13719,12.09,3003.022,2405.322,2658.195,1575.033
"2012-09-03 21:40:00",13720,12.08,3003.026,2405.326,2659.213,1575.035
"2012-09-03 21:50:00",13721,12.08,3003.028,2405.327,2659.552,1575.036
"2012-09-03 22:00:00",13722,12.08,3003.028,2405.327,2659.552,1575.036
"2012-09-03 22:10:00",13723,12.07,3003.163,2405.327,2659.552,1575.036
"2012-09-03 22:20:00",13724,12.07,3004.11,2405.327,2659.552,1575.036
"2012-09-03 22:30:00",13725,12.06,3004.38,2405.327,2659.755,1575.036
"2012-09-03 22:40:00",13726,12.06,3004.38,2405.327,2660.161,1575.036
"2012-09-03 22:50:00",13727,12.06,3004.38,2405.327,2660.905,1575.036
"2012-09-03 23:00:00",13728,12.06,3004.38,2405.327,2660.905,1575.036
"2012-09-03 23:10:00",13729,12.06,3004.38,2405.327,2660.905,1575.036
"2012-09-03 23:20:00",13730,12.05,3005.327,2405.327,2660.905,1575.036
"2012-09-03 23:30:00",13731,12.05,3005.732,2405.327,2661.648,1575.036
"2012-09-03 23:40:00",13732,12.04,3005.732,2405.327,2662.122,1575.036
"2012-09-03 23:50:00",13733,12.04,3005.732,2405.327,2662.122,1575.036
"2012-09-04 00:00:00",13734,12.04,3005.732,2405.327,2662.257,1575.036
"2012-09-04 00:10:00",13735,12.04,3005.732,2405.597,2662.257,1575.036
"2012-09-04 00:20:00",13736,12.04,3005.732,2405.462,2662.257,1575.036
"2012-09-04 00:30:00",13737,12.03,3005.732,2405.462,2662.257,1575.036
"2012-09-04 00:40:00",13738,12.03,3005.732,2405.732,2662.73,1575.036
"2012-09-04 00:50:00",13739,12.03,3006.003,2406.544,2663.609,1575.036
"2012-09-04 01:00:00",13740,12.03,3005.935,2406.679,2663.609,1575.036
"2012-09-04 01:10:00",13741,12.03,3006.273,2406.679,2663.609,1575.036
"2012-09-04 01:20:00",13742,12.02,3006.882,2406.679,2663.609,1575.036
"2012-09-04 01:30:00",13743,12.02,3007.084,2406.679,2663.609,1575.036
"2012-09-04 01:40:00",13744,12.02,3007.084,2406.679,2663.947,1575.036
"2012-09-04 01:50:00",13745,12.02,3007.084,2406.679,2664.759,1575.036
"2012-09-04 02:00:00",13746,12.02,3007.084,2406.679,2664.894,1575.036
"2012-09-04 02:10:00",13747,12.02,3007.084,2406.679,2664.691,1575.036
"2012-09-04 02:20:00",13748,12.02,3007.084,2406.679,2664.759,1575.036
"2012-09-04 02:30:00",13749,12.01,3007.084,2406.679,2664.894,1575.036
"2012-09-04 02:40:00",13750,12.01,3007.152,2406.679,2664.961,1575.036
"2012-09-04 02:50:00",13751,12.01,3008.234,2406.679,2664.961,1575.036
"2012-09-04 03:00:00",13752,12.01,3008.369,2406.679,2664.961,1575.036
"2012-09-04 03:10:00",13753,12.01,3008.302,2406.679,2664.961,1575.036
"2012-09-04 03:20:00",13754,12.01,3008.369,2406.679,2664.961,1575.036
"2012-09-04 03:30:00",13755,12,3008.437,2406.679,2664.961,1575.036
"2012-09-04 03:40:00",13756,12,3008.437,2406.679,2664.961,1575.036
"2012-09-04 03:50:00",13757,12,3008.437,2406.679,2664.961,1575.036
"2012-09-04 04:00:00",13758,12,3008.437,2406.679,2664.961,1575.036
"2012-09-04 04:10:00",13759,12,3008.437,2407.084,2665.097,1575.036
"2012-09-04 04:20:00",13760,12,3008.437,2407.761,2665.165,1575.036
"2012-09-04 04:30:00",13761,12,3008.437,2407.761,2665.502,1575.036
"2012-09-04 04:40:00",13762,12,3008.437,2408.031,2666.179,1575.036
"2012-09-04 04:50:00",13763,11.99,3008.504,2408.031,2666.314,1575.036
"2012-09-04 05:00:00",13764,11.99,3009.18,2408.031,2666.314,1575.036
"2012-09-04 05:10:00",13765,11.99,3009.789,2408.031,2666.314,1575.036
"2012-09-04 05:20:00",13766,11.99,3009.789,2408.031,2666.314,1575.036
"2012-09-04 05:30:00",13767,11.99,3009.789,2408.031,2666.314,1575.036
"2012-09-04 05:40:00",13768,11.98,3009.789,2408.031,2666.314,1575.036
"2012-09-04 05:50:00",13769,11.98,3009.789,2408.031,2666.719,1575.036
"2012-09-04 06:00:00",13770,11.98,3009.789,2408.031,2667.328,1575.036
"2012-09-04 06:10:00",13771,11.98,3009.789,2408.031,2667.666,1575.036
"2012-09-04 06:20:00",13772,11.98,3010.262,2408.031,2667.666,1575.036
"2012-09-04 06:30:00",13773,11.99,3010.871,2408.031,2667.666,1575.036
"2012-09-04 06:40:00",13774,12,3011.074,2408.031,2667.666,1575.036
"2012-09-04 06:50:00",13775,12.02,3011.006,2408.031,2667.666,1575.036
"2012-09-04 07:00:00",13776,12.03,3011.074,2408.031,2667.666,1575.036
"2012-09-04 07:10:00",13777,12.03,3011.141,2409.248,2667.666,1575.171
"2012-09-04 07:20:00",13778,12.05,3011.141,2409.383,2668.342,1576.253
"2012-09-04 07:30:00",13779,12.06,3011.141,2409.383,2669.018,1576.388
"2012-09-04 07:40:00",13780,12.07,3011.141,2409.383,2669.018,1576.388
"2012-09-04 07:50:00",13781,12.09,3011.105,2409.354,2668.986,1576.369
"2012-09-04 08:00:00",13782,12.12,3010.594,2408.946,2668.533,1576.102
"2012-09-04 08:10:00",13783,12.15,3010.069,2408.864,2668.068,1575.827
"2012-09-04 08:20:00",13784,12.28,3009.647,2408.594,2667.694,1575.607
"2012-09-04 08:30:00",13785,12.3,3009.398,2408.597,2667.473,1575.476
"2012-09-04 08:40:00",13786,12.31,3009.257,2408.619,2667.348,1575.402
"2012-09-04 08:50:00",13787,12.4,3009.233,2408.735,2667.327,1575.39
"2012-09-04 09:00:00",13788,12.52,3009.145,2408.259,2667.249,1575.344
"2012-09-04 09:10:00",13789,12.61,3009.119,2408.914,2666.145,1575.33
"2012-09-04 09:20:00",13790,12.65,3009.111,2409.043,2665.868,1575.326
"2012-09-04 09:30:00",13791,12.68,3009.109,2409.109,2665.866,1575.325
"2012-09-04 09:40:00",13792,12.66,3009.108,2409.108,2665.865,1575.324
"2012-09-04 09:50:00",13793,12.69,3009.108,2408.838,2665.865,1574.919
"2012-09-04 10:00:00",13794,12.73,3009.108,2407.757,2665.865,1574.041
"2012-09-04 10:10:00",13795,12.71,3009.108,2407.757,2665.865,1573.973
"2012-09-04 10:20:00",13796,12.9,3009.108,2407.757,2665.865,1573.973
"2012-09-04 10:30:00",13797,13.26,3008.973,2407.757,2665.798,1573.973
"2012-09-04 10:40:00",13798,13.56,3008.326,2407.672,2664.555,1573.917
"2012-09-04 10:50:00",13799,13.23,3007.18,2407.295,2664.003,1573.671
"2012-09-04 11:00:00",13800,13.11,3006.89,2407.063,2663.746,1573.52
"2012-09-04 11:10:00",13801,12.9,3006.787,2406.913,2662.506,1573.465
"2012-09-04 11:20:00",13802,12.62,3005.472,2406.752,2662.275,1573.449
"2012-09-04 11:30:00",13803,12.51,3005.395,2406.61,2662.267,1573.444
"2012-09-04 11:40:00",13804,12.5,3005.319,2406.279,2662.2,1573.404
"2012-09-04 11:50:00",13805,12.48,3005.316,2406.506,2661.576,1573.156
"2012-09-04 12:00:00",13806,12.45,3005.872,2406.248,2660.143,1572.987
"2012-09-04 12:10:00",13807,12.45,3004.759,2406.167,2659.109,1572.934
"2012-09-04 12:20:00",13808,12.47,3004.39,2406.143,2658.676,1572.918
"2012-09-04 12:30:00",13809,12.51,3004.63,2406.119,2658.65,1572.903
"2012-09-04 12:40:00",13810,12.47,3004.018,2405.845,2658.347,1572.723
"2012-09-04 12:50:00",13811,12.43,3003.005,2405.574,2657.238,1572.547
"2012-09-04 13:00:00",13812,12.43,3002.399,2405.63,2656.692,1572.583
"2012-09-04 13:10:00",13813,12.43,3002.521,2405.457,2656.056,1572.646
"2012-09-04 13:20:00",13814,12.42,3002.792,2404.594,2655.756,1572.788
"2012-09-04 13:30:00",13815,12.42,3002.875,2404.661,2655.83,1572.832
"2012-09-04 13:40:00",13816,12.32,3002.866,2404.654,2655.822,1572.827
"2012-09-04 13:50:00",13817,12.37,3002.436,2404.688,2655.319,1572.849
"2012-09-04 14:00:00",13818,12.4,3001.708,2404.483,2655.931,1572.892
"2012-09-04 14:10:00",13819,12.61,3001.665,2404.638,2655.818,1572.905
"2012-09-04 14:20:00",13820,12.63,3001.652,2404.627,2654.592,1572.899
"2012-09-04 14:30:00",13821,12.61,3001.593,2404.58,2654.54,1572.868
"2012-09-04 14:40:00",13822,12.62,3000.871,2403.665,2654.498,1572.843
"2012-09-04 14:50:00",13823,12.45,2999.946,2403.343,2653.908,1572.854
"2012-09-04 15:00:00",13824,12.39,2999.21,2403.403,2653.232,1572.893
"2012-09-04 15:10:00",13825,12.37,2998.964,2403.422,2653.253,1572.905
"2012-09-04 15:20:00",13826,12.53,2998.971,2403.428,2653.259,1572.909
"2012-09-04 15:30:00",13827,12.44,2998.973,2403.43,2652.856,1572.91
"2012-09-04 15:40:00",13828,12.41,2998.974,2403.43,2652.451,1572.91
"2012-09-04 15:50:00",13829,12.41,2998.974,2403.363,2652.586,1572.91
"2012-09-04 16:00:00",13830,12.35,2997.758,2403.295,2652.181,1572.91
"2012-09-04 16:10:00",13831,12.33,2997.623,2403.228,2651.978,1572.91
"2012-09-04 16:20:00",13832,12.3,2997.672,2403.469,2652.224,1572.936
"2012-09-04 16:30:00",13833,12.28,2997.684,2403.479,2652.167,1572.942
"2012-09-04 16:40:00",13834,12.27,2997.735,2403.453,2652.01,1572.969
"2012-09-04 16:50:00",13835,12.26,2997.85,2403.612,2651.977,1573.03
"2012-09-04 17:00:00",13836,12.25,2998.308,2403.979,2652.179,1573.27
"2012-09-04 17:10:00",13837,12.23,2998.541,2404.166,2652.115,1573.392
"2012-09-04 17:20:00",13838,12.22,2998.607,2404.219,2652.781,1573.426
"2012-09-04 17:30:00",13839,12.2,2998.627,2404.235,2652.799,1573.437
"2012-09-04 17:40:00",13840,12.19,2998.634,2404.24,2652.873,1573.441
"2012-09-04 17:50:00",13841,12.18,2998.636,2404.242,2654.09,1573.442
"2012-09-04 18:00:00",13842,12.18,2998.677,2404.275,2654.194,1573.396
"2012-09-04 18:10:00",13843,12.18,2999.145,2404.65,2654.608,1573.573
"2012-09-04 18:20:00",13844,12.17,2999.5,2405.002,2655.598,1573.625
"2012-09-04 18:30:00",13845,12.17,2999.602,2406.098,2656.365,1573.881
"2012-09-04 18:40:00",13846,12.17,3000.107,2406.191,2656.393,1573.83
"2012-09-04 18:50:00",13847,12.16,3000.928,2406.131,2656.401,1573.633
"2012-09-04 19:00:00",13848,12.16,3000.931,2406.336,2656.471,1573.769
"2012-09-04 19:10:00",13849,12.16,3000.999,2406.405,2657.215,1573.702
"2012-09-04 19:20:00",13850,12.15,3000.999,2406.405,2657.756,1573.77
"2012-09-04 19:30:00",13851,12.15,3000.999,2406.405,2657.756,1573.905
"2012-09-04 19:40:00",13852,12.15,3000.999,2406.405,2657.756,1573.837
"2012-09-04 19:50:00",13853,12.14,3000.999,2406.405,2657.756,1573.77
"2012-09-04 20:00:00",13854,12.14,3000.999,2406.405,2657.756,1573.905
"2012-09-04 20:10:00",13855,12.14,3001.042,2406.439,2657.794,1573.928
"2012-09-04 20:20:00",13856,12.13,3001.079,2406.468,2657.826,1573.947
"2012-09-04 20:30:00",13857,12.13,3001.177,2406.547,2658.454,1574.066
"2012-09-04 20:40:00",13858,12.13,3001.207,2406.571,2659.291,1574.014
"2012-09-04 20:50:00",13859,12.13,3001.225,2406.585,2659.307,1573.956
"2012-09-04 21:00:00",13860,12.12,3001.611,2406.625,2659.35,1574.116
"2012-09-04 21:10:00",13861,12.12,3002.586,2406.702,2659.503,1574.032
"2012-09-04 21:20:00",13862,12.12,3002.927,2406.867,2660.767,1574.072
"2012-09-04 21:30:00",13863,12.12,3003.087,2406.995,2661.111,1574.156
"2012-09-04 21:40:00",13864,12.11,3003.221,2407.102,2661.23,1574.361
"2012-09-04 21:50:00",13865,12.11,3003.484,2407.313,2661.463,1574.364
"2012-09-04 22:00:00",13866,12.11,3003.701,2407.487,2661.655,1574.613
"2012-09-04 22:10:00",13867,12.11,3003.994,2407.722,2661.915,1574.766
"2012-09-04 22:20:00",13868,12.11,3004.484,2407.897,2662.109,1574.611
"2012-09-04 22:30:00",13869,12.1,3004.583,2407.977,2662.197,1574.798
"2012-09-04 22:40:00",13870,12.1,3005.711,2408.015,2662.982,1574.823
"2012-09-04 22:50:00",13871,12.1,3005.726,2408.027,2663.604,1574.898
"2012-09-04 23:00:00",13872,12.1,3005.731,2408.03,2663.608,1574.765
"2012-09-04 23:10:00",13873,12.09,3005.732,2408.031,2663.609,1574.495
"2012-09-04 23:20:00",13874,12.09,3005.732,2408.031,2663.609,1574.698
"2012-09-04 23:30:00",13875,12.09,3005.732,2408.031,2663.609,1574.969
"2012-09-04 23:40:00",13876,12.09,3005.732,2408.031,2663.609,1574.833
"2012-09-04 23:50:00",13877,12.09,3005.732,2408.031,2664.42,1574.833
"2012-09-05 00:00:00",13878,12.08,3005.732,2408.099,2664.826,1574.969
"2012-09-05 00:10:00",13879,12.08,3005.732,2408.64,2664.826,1574.969
"2012-09-05 00:20:00",13880,12.08,3005.732,2409.113,2664.556,1574.901
"2012-09-05 00:30:00",13881,12.08,3005.732,2409.045,2664.894,1574.901
"2012-09-05 00:40:00",13882,12.08,3005.732,2409.045,2664.961,1574.428
"2012-09-05 00:50:00",13883,12.07,3005.732,2409.248,2664.961,1574.36
"2012-09-05 01:00:00",13884,12.07,3005.732,2409.383,2664.961,1574.495
"2012-09-05 01:10:00",13885,12.07,3005.732,2409.383,2664.961,1574.022
"2012-09-05 01:20:00",13886,12.07,3005.732,2409.383,2664.961,1574.09
"2012-09-05 01:30:00",13887,12.06,3006.138,2409.383,2664.961,1573.954
"2012-09-05 01:40:00",13888,12.06,3005.868,2409.383,2664.961,1573.819
"2012-09-05 01:50:00",13889,12.06,3006.206,2409.383,2665.029,1573.684
"2012-09-05 02:00:00",13890,12.05,3007.084,2409.383,2665.165,1573.752
"2012-09-05 02:10:00",13891,12.05,3007.084,2409.383,2665.367,1573.887
"2012-09-05 02:20:00",13892,12.05,3007.084,2409.383,2666.314,1573.819
"2012-09-05 02:30:00",13893,12.04,3007.084,2409.383,2666.314,1573.819
"2012-09-05 02:40:00",13894,12.04,3007.152,2409.383,2666.314,1574.157
"2012-09-05 02:50:00",13895,12.04,3007.693,2409.383,2666.314,1574.563
"2012-09-05 03:00:00",13896,12.04,3008.166,2409.383,2666.314,1574.766
"2012-09-05 03:10:00",13897,12.04,3008.166,2409.383,2666.314,1574.495
"2012-09-05 03:20:00",13898,12.03,3008.166,2409.451,2666.314,1574.225
"2012-09-05 03:30:00",13899,12.03,3008.302,2409.857,2666.381,1574.292
"2012-09-05 03:40:00",13900,12.03,3008.302,2410.127,2666.584,1573.752
"2012-09-05 03:50:00",13901,12.02,3008.437,2410.465,2666.99,1573.954
"2012-09-05 04:00:00",13902,12.02,3008.437,2410.262,2667.531,1574.022
"2012-09-05 04:10:00",13903,12.02,3008.437,2410.33,2667.666,1573.954
"2012-09-05 04:20:00",13904,12.02,3008.437,2410.262,2667.531,1574.225
"2012-09-05 04:30:00",13905,12.01,3008.437,2410.668,2667.666,1574.157
"2012-09-05 04:40:00",13906,12.01,3008.437,2410.601,2667.666,1573.954
"2012-09-05 04:50:00",13907,12.01,3008.437,2410.736,2667.666,1574.022
"2012-09-05 05:00:00",13908,12.01,3008.437,2410.601,2667.666,1573.954
"2012-09-05 05:10:00",13909,12,3008.437,2410.601,2667.666,1573.684
"2012-09-05 05:20:00",13910,12,3008.437,2410.736,2667.666,1573.752
"2012-09-05 05:30:00",13911,12,3008.437,2410.736,2667.666,1573.684
"2012-09-05 05:40:00",13912,12,3008.437,2410.736,2667.666,1573.752
"2012-09-05 05:50:00",13913,12,3008.437,2410.736,2667.666,1574.36
"2012-09-05 06:00:00",13914,12,3008.437,2410.736,2667.666,1574.157
"2012-09-05 06:10:00",13915,11.99,3008.437,2410.736,2667.666,1573.954
"2012-09-05 06:20:00",13916,11.99,3008.437,2410.736,2667.666,1574.157
"2012-09-05 06:30:00",13917,11.99,3008.437,2410.736,2667.666,1574.495
"2012-09-05 06:40:00",13918,12,3008.437,2410.736,2667.666,1574.36
"2012-09-05 06:50:00",13919,12.01,3008.437,2410.736,2667.666,1574.833
"2012-09-05 07:00:00",13920,12.01,3008.437,2410.736,2667.666,1574.969
"2012-09-05 07:10:00",13921,12.02,3008.437,2410.736,2667.666,1574.969
"2012-09-05 07:20:00",13922,12.03,3008.437,2410.736,2667.666,1574.766
"2012-09-05 07:30:00",13923,12.05,3008.437,2410.736,2667.666,1574.698
"2012-09-05 07:40:00",13924,12.06,3008.437,2410.803,2667.734,1574.901
"2012-09-05 07:50:00",13925,12.07,3008.437,2411.547,2668.072,1574.969
"2012-09-05 08:00:00",13926,12.08,3008.437,2411.885,2668.342,1575.036
"2012-09-05 08:10:00",13927,12.22,3008.437,2412.088,2668.139,1575.036
"2012-09-05 08:20:00",13928,12.41,3009.208,2411.948,2667.579,1574.945
"2012-09-05 08:30:00",13929,12.48,3008.866,2411.348,2666.983,1574.553
"2012-09-05 08:40:00",13930,12.27,3008.133,2410.761,2666.198,1574.17
"2012-09-05 08:50:00",13931,12.22,3007.869,2410.549,2665.964,1574.031
"2012-09-05 09:00:00",13932,12.23,3007.79,2410.486,2665.422,1573.99
"2012-09-05 09:10:00",13933,12.19,3007.767,2410.467,2664.522,1573.978
"2012-09-05 09:20:00",13934,12.19,3007.76,2410.462,2664.381,1573.974
"2012-09-05 09:30:00",13935,12.22,3007.217,2410.46,2664.514,1573.973
"2012-09-05 09:40:00",13936,12.25,3006.406,2410.459,2664.514,1573.973
"2012-09-05 09:50:00",13937,12.23,3006.155,2410.258,2664.291,1573.842
"2012-09-05 10:00:00",13938,12.24,3005.655,2409.858,2663.578,1573.58
"2012-09-05 10:10:00",13939,12.4,3005.471,2409.44,2662.335,1573.484
"2012-09-05 10:20:00",13940,13.02,3005.416,2409.396,2662.285,1573.455
"2012-09-05 10:30:00",13941,13.54,3005.399,2409.315,2662.27,1573.446
"2012-09-05 10:40:00",13942,13.43,3004.988,2409.175,2661.793,1573.173
"2012-09-05 10:50:00",13943,12.84,3004.446,2408.499,2660.981,1573.24
"2012-09-05 11:00:00",13944,12.61,3004.041,2408.363,2660.913,1573.307
"2012-09-05 11:10:00",13945,12.53,3004.041,2408.296,2660.913,1573.037
"2012-09-05 11:20:00",13946,12.47,3002.96,2408.701,2660.913,1573.172
"2012-09-05 11:30:00",13947,12.44,3002.772,2408.631,2659.336,1572.971
"2012-09-05 11:40:00",13948,12.41,3002.208,2408.098,2658.424,1572.508
"2012-09-05 11:50:00",13949,12.4,3002.832,2407.813,2657.381,1572.208
"2012-09-05 12:00:00",13950,12.39,3003.05,2408.717,2657.334,1571.641
"2012-09-05 12:10:00",13951,12.39,3001.885,2408.703,2656.982,1571.632
"2012-09-05 12:20:00",13952,12.43,3002.488,2408.632,2656.302,1571.562
"2012-09-05 12:30:00",13953,12.46,3002.217,2408.226,2655.964,1571.561
"2012-09-05 12:40:00",13954,12.42,3001.62,2407.91,2655.914,1571.531
"2012-09-05 12:50:00",13955,12.4,3000.656,2408.016,2654.848,1571.515
"2012-09-05 13:00:00",13956,12.41,3000.14,2407.401,2654.381,1571.464
"2012-09-05 13:10:00",13957,12.4,3000.267,2407.571,2653.954,1571.53
"2012-09-05 13:20:00",13958,12.37,3000.172,2407.468,2653.247,1571.551
"2012-09-05 13:30:00",13959,12.37,2999.509,2407.545,2653.257,1571.49
"2012-09-05 13:40:00",13960,12.35,2998.973,2407.616,2653.261,1570.682
"2012-09-05 13:50:00",13961,12.34,2998.888,2407.143,2653.186,1570.165
"2012-09-05 14:00:00",13962,12.35,2998.157,2406.815,2653.197,1570.171
"2012-09-05 14:10:00",13963,12.53,2997.583,2407.246,2653.225,1570.188
"2012-09-05 14:20:00",13964,12.51,2997.523,2407.401,2653.172,1570.157
"2012-09-05 14:30:00",13965,12.53,2997.568,2407.1,2653.212,1570.181
"2012-09-05 14:40:00",13966,12.54,2996.932,2406.726,2653.248,1570.202
"2012-09-05 14:50:00",13967,12.42,2996.269,2406.263,2652.718,1570.208
"2012-09-05 15:00:00",13968,12.37,2996.272,2406.671,2652.721,1570.209
"2012-09-05 15:10:00",13969,12.36,2996.273,2406.536,2652.046,1570.21
"2012-09-05 15:20:00",13970,12.57,2996.273,2406.469,2651.911,1570.21
"2012-09-05 15:30:00",13971,12.42,2996.273,2406.266,2651.911,1570.21
"2012-09-05 15:40:00",13972,12.38,2995.327,2406.266,2651.911,1570.21
"2012-09-05 15:50:00",13973,12.35,2994.922,2406.131,2651.911,1570.21
"2012-09-05 16:00:00",13974,12.33,2994.922,2407.076,2651.911,1570.21
"2012-09-05 16:10:00",13975,12.31,2994.922,2407.482,2651.911,1570.21
"2012-09-05 16:20:00",13976,12.29,2994.922,2407.482,2651.911,1570.21
"2012-09-05 16:30:00",13977,12.27,2994.922,2407.482,2651.911,1570.21
"2012-09-05 16:40:00",13978,12.26,2994.922,2407.076,2651.101,1570.21
"2012-09-05 16:50:00",13979,12.24,2994.652,2407.482,2651.236,1570.21
"2012-09-05 17:00:00",13980,12.22,2994.192,2407.546,2651.037,1570.252
"2012-09-05 17:10:00",13981,12.21,2993.717,2407.543,2651.304,1570.25
"2012-09-05 17:20:00",13982,12.19,2993.854,2407.709,2651.283,1570.358
"2012-09-05 17:30:00",13983,12.18,2994.147,2408.214,2652.691,1570.511
"2012-09-05 17:40:00",13984,12.17,2994.36,2408.791,2652.609,1570.623
"2012-09-05 17:50:00",13985,12.16,2994.453,2408.865,2653.704,1570.672
"2012-09-05 18:00:00",13986,12.16,2994.544,2409.547,2654.123,1570.719
"2012-09-05 18:10:00",13987,12.15,2994.572,2409.637,2654.148,1570.734
"2012-09-05 18:20:00",13988,12.15,2994.58,2410.927,2655.101,1570.739
"2012-09-05 18:30:00",13989,12.14,2994.583,2410.929,2655.508,1570.74
"2012-09-05 18:40:00",13990,12.14,2994.583,2410.997,2655.509,1570.74
"2012-09-05 18:50:00",13991,12.13,2994.583,2410.997,2655.509,1570.74
"2012-09-05 19:00:00",13992,12.13,2994.583,2410.997,2656.454,1570.74
"2012-09-05 19:10:00",13993,12.13,2994.583,2410.997,2656.86,1570.74
"2012-09-05 19:20:00",13994,12.13,2994.583,2410.997,2656.86,1570.74
"2012-09-05 19:30:00",13995,12.12,2994.583,2410.997,2656.86,1570.74
"2012-09-05 19:40:00",13996,12.12,2994.583,2410.997,2656.86,1570.74
"2012-09-05 19:50:00",13997,12.12,2994.583,2410.997,2657.467,1570.74
"2012-09-05 20:00:00",13998,12.11,2994.583,2410.997,2658.21,1570.74
"2012-09-05 20:10:00",13999,12.11,2994.583,2410.997,2658.21,1570.74
"2012-09-05 20:20:00",14000,12.11,2994.583,2410.997,2658.21,1570.74
"2012-09-05 20:30:00",14001,12.11,2994.583,2410.997,2658.278,1570.74
"2012-09-05 20:40:00",14002,12.1,2994.583,2411.807,2659.426,1570.74
"2012-09-05 20:50:00",14003,12.1,2994.989,2412.348,2659.562,1570.74
"2012-09-05 21:00:00",14004,12.1,2995.934,2412.348,2659.562,1570.74
"2012-09-05 21:10:00",14005,12.1,2995.984,2412.387,2659.605,1570.766
"2012-09-05 21:20:00",14006,12.09,2996.17,2412.577,2660.199,1570.893
"2012-09-05 21:30:00",14007,12.09,2996.126,2412.664,2660.963,1571.175
"2012-09-05 21:40:00",14008,12.09,2997.467,2414.115,2661.479,1572.254
"2012-09-05 21:50:00",14009,12.08,2997.553,2413.914,2662.501,1572.231
"2012-09-05 22:00:00",14010,12.08,2997.599,2413.951,2662.542,1572.255
"2012-09-05 22:10:00",14011,12.08,2997.492,2414,2662.447,1572.199
"2012-09-05 22:20:00",14012,12.08,2997.364,2414.032,2662.333,1572.132
"2012-09-05 22:30:00",14013,12.08,2997.445,2413.719,2662.285,1572.104
"2012-09-05 22:40:00",14014,12.07,2997.428,2413.772,2662.405,1572.095
"2012-09-05 22:50:00",14015,12.07,2997.423,2413.701,2662.941,1572.092
"2012-09-05 23:00:00",14016,12.07,2997.692,2413.834,2663.615,1572.092
"2012-09-05 23:10:00",14017,12.07,2998.029,2414.577,2663.615,1572.092
"2012-09-05 23:20:00",14018,12.06,2998.57,2414.712,2664.358,1572.092
"2012-09-05 23:30:00",14019,12.06,2998.637,2414.712,2664.898,1572.092
"2012-09-05 23:40:00",14020,12.06,2998.637,2414.78,2664.763,1572.092
"2012-09-05 23:50:00",14021,12.05,2998.637,2414.983,2664.831,1572.092
"2012-09-06 00:00:00",14022,12.05,2998.637,2414.915,2664.966,1572.092
"2012-09-06 00:10:00",14023,12.05,2998.637,2414.78,2664.966,1572.024
"2012-09-06 00:20:00",14024,12.05,2999.11,2414.983,2664.966,1572.024
"2012-09-06 00:30:00",14025,12.05,2999.448,2414.78,2664.966,1572.024
"2012-09-06 00:40:00",14026,12.04,2998.705,2414.78,2664.966,1571.754
"2012-09-06 00:50:00",14027,12.04,2998.637,2414.848,2665.101,1572.092
"2012-09-06 01:00:00",14028,12.04,2999.17,2414.992,2665.334,1572.229
"2012-09-06 01:10:00",14029,12.04,2999.387,2415.329,2665.775,1572.449
"2012-09-06 01:20:00",14030,12.04,3000.618,2415.775,2666.036,1572.563
"2012-09-06 01:30:00",14031,12.03,3000.831,2415.837,2667.118,1572.604
"2012-09-06 01:40:00",14032,12.03,3000.854,2415.789,2667.207,1572.616
"2012-09-06 01:50:00",14033,12.03,3000.997,2415.862,2667.213,1572.62
"2012-09-06 02:00:00",14034,12.03,3000.999,2415.796,2668.566,1572.621
"2012-09-06 02:10:00",14035,12.03,3000.999,2415.526,2668.567,1572.621
"2012-09-06 02:20:00",14036,12.03,3000.999,2414.918,2668.567,1572.621
"2012-09-06 02:30:00",14037,12.03,3001.877,2415.121,2668.905,1573.5
"2012-09-06 02:40:00",14038,12.02,3002.351,2415.526,2669.715,1579.851
"2012-09-06 02:50:00",14039,12.02,3002.351,2415.797,2669.918,1574.446
"2012-09-06 03:00:00",14040,12.02,3003.296,2415.864,2669.918,1572.621
"2012-09-06 03:10:00",14041,12.02,3003.702,2415.864,2670.526,1578.973
"2012-09-06 03:20:00",14042,12.01,3003.702,2415.864,2671.27,1572.621
"2012-09-06 03:30:00",14043,12.01,3003.702,2415.864,2671.202,1577.148
"2012-09-06 03:40:00",14044,12.01,3003.702,2415.864,2671.27,1580.324
"2012-09-06 03:50:00",14045,12.01,3003.837,2416.135,2671.27,1577.351
"2012-09-06 04:00:00",14046,12.01,3004.513,2415.864,2671.27,1578.837
"2012-09-06 04:10:00",14047,12.01,3005.053,2416.945,2671.27,1579.31
"2012-09-06 04:20:00",14048,12,3005.053,2417.215,2671.337,1579.851
"2012-09-06 04:30:00",14049,12,3005.256,2417.215,2672.148,1579.581
"2012-09-06 04:40:00",14050,12,3006.405,2417.215,2672.621,1574.243
"2012-09-06 04:50:00",14051,12,3006.405,2417.215,2672.621,1573.972
"2012-09-06 05:00:00",14052,12,3006.405,2417.215,2672.621,1573.972
"2012-09-06 05:10:00",14053,12,3006.405,2417.215,2673.094,1573.972
"2012-09-06 05:20:00",14054,12,3006.405,2417.215,2672.891,1573.972
"2012-09-06 05:30:00",14055,12,3006.405,2418.026,2672.621,1577.621
"2012-09-06 05:40:00",14056,12,3007.013,2417.824,2672.621,1582.081
"2012-09-06 05:50:00",14057,11.99,3007.756,2417.756,2672.621,1575.932
"2012-09-06 06:00:00",14058,11.99,3007.756,2417.891,2672.621,1573.972
"2012-09-06 06:10:00",14059,11.99,3007.756,2417.553,2672.621,1573.972
"2012-09-06 06:20:00",14060,11.99,3007.756,2418.094,2671.54,1580.189
"2012-09-06 06:30:00",14061,11.99,3007.756,2417.688,2671.27,1576.878
"2012-09-06 06:40:00",14062,12,3007.215,2417.553,2671.27,1573.972
"2012-09-06 06:50:00",14063,12.01,3006.405,2417.959,2671.27,1573.972
"2012-09-06 07:00:00",14064,12.02,3006.405,2417.553,2671.27,1573.905
"2012-09-06 07:10:00",14065,12.02,3006.405,2417.891,2671.27,1573.635
"2012-09-06 07:20:00",14066,12.04,3006.405,2417.756,2670.661,1572.959
"2012-09-06 07:30:00",14067,12.05,3006.202,2417.283,2669.918,1572.621
"2012-09-06 07:40:00",14068,12.06,3005.121,2417.486,2669.715,1572.621
"2012-09-06 07:50:00",14069,12.07,3005.053,2417.486,2668.837,1573.432
"2012-09-06 08:00:00",14070,12.09,3004.783,2417.148,2668.567,1573.027
"2012-09-06 08:10:00",14071,12.24,3004.31,2416.202,2668.567,1571.337
"2012-09-06 08:20:00",14072,12.42,3003.702,2416.202,2668.567,1571.27
"2012-09-06 08:30:00",14073,12.37,3003.702,2416.405,2668.364,1571.27
"2012-09-06 08:40:00",14074,12.21,3003.702,2415.256,2667.351,1571.27
"2012-09-06 08:50:00",14075,12.21,3003.702,2415.053,2667.215,1571.27
"2012-09-06 09:00:00",14076,12.21,3003.026,2415.053,2667.215,1571.135
"2012-09-06 09:10:00",14077,12.19,3002.351,2414.513,2666.945,1571.27
"2012-09-06 09:20:00",14078,12.19,3002.351,2415.932,2665.999,1571.27
"2012-09-06 09:30:00",14079,12.21,3001.54,2414.851,2665.864,1571.135
"2012-09-06 09:40:00",14080,12.2,3001.021,2415.3,2665.899,1571.211
"2012-09-06 09:50:00",14081,12.2,3000.521,2414.128,2665.44,1570.952
"2012-09-06 10:00:00",14082,12.23,3000.162,2413.771,2665.12,1570.494
"2012-09-06 10:10:00",14083,12.48,3000.109,2413.202,2665.013,1569.958
"2012-09-06 10:20:00",14084,13.03,3000.004,2413.577,2664.44,1569.668
"2012-09-06 10:30:00",14085,13.3,2999.992,2413.905,2663.889,1569.392
"2012-09-06 10:40:00",14086,13.17,2999.719,2412.889,2663.616,1569.39
"2012-09-06 10:50:00",14087,12.67,2999.313,2412.956,2663.615,1569.39
"2012-09-06 11:00:00",14088,12.5,2998.637,2412.213,2663.277,1569.39
"2012-09-06 11:10:00",14089,12.45,2997.827,2413.024,2662.669,1569.525
"2012-09-06 11:20:00",14090,12.42,2997.286,2412.754,2662.264,1569.39
"2012-09-06 11:30:00",14091,12.37,2997.286,2413.024,2662.264,1569.39
"2012-09-06 11:40:00",14092,12.36,2997.229,2413.249,2662.417,1569.495
"2012-09-06 11:50:00",14093,12.35,2996.752,2413.202,2661.79,1569.11
"2012-09-06 12:00:00",14094,12.35,2996.893,2412.8,2661.293,1568.937
"2012-09-06 12:10:00",14095,12.35,2996.318,2412.177,2660.526,1568.815
"2012-09-06 12:20:00",14096,12.37,2996.287,2412.152,2660.499,1568.732
"2012-09-06 12:30:00",14097,12.37,2996.278,2412.685,2660.964,1568.862
"2012-09-06 12:40:00",14098,12.34,2996.275,2412.548,2660.083,1568.86
"2012-09-06 12:50:00",14099,12.34,2995.937,2412.075,2660.083,1568.86
"2012-09-06 13:00:00",14100,12.34,2995.127,2411.872,2658.8,1568.86
"2012-09-06 13:10:00",14101,12.35,2994.924,2411.264,2658.8,1568.793
"2012-09-06 13:20:00",14102,12.32,2994.924,2411.535,2658.665,1568.185
"2012-09-06 13:30:00",14103,12.32,2994.924,2411.467,2658.665,1567.78
"2012-09-06 13:40:00",14104,12.29,2994.79,2410.994,2658.665,1567.51
"2012-09-06 13:50:00",14105,12.29,2993.641,2410.859,2658.26,1567.51
"2012-09-06 14:00:00",14106,12.32,2993.574,2410.251,2658.192,1567.51
"2012-09-06 14:10:00",14107,12.59,2993.574,2410.589,2657.72,1567.51
"2012-09-06 14:20:00",14108,12.43,2992.359,2410.589,2657.45,1567.51
"2012-09-06 14:30:00",14109,12.52,2992.224,2410.319,2657.315,1567.375
"2012-09-06 14:40:00",14110,12.49,2992.224,2410.049,2656.572,1567.375
"2012-09-06 14:50:00",14111,12.37,2991.818,2409.914,2656.032,1567.24
"2012-09-06 15:00:00",14112,12.32,2990.873,2410.184,2655.964,1566.97
"2012-09-06 15:10:00",14113,12.31,2990.873,2410.319,2655.964,1566.294
"2012-09-06 15:20:00",14114,12.59,2990.873,2410.184,2655.964,1566.159
"2012-09-06 15:30:00",14115,12.39,2990.873,2409.914,2655.964,1566.159
"2012-09-06 15:40:00",14116,12.35,2990.831,2409.921,2656.046,1566.208
"2012-09-06 15:50:00",14117,12.31,2989.976,2410.415,2656.367,1566.397
"2012-09-06 16:00:00",14118,12.28,2990.187,2410.719,2656.554,1566.507
"2012-09-06 16:10:00",14119,12.28,2990.401,2410.892,2656.744,1566.619
"2012-09-06 16:20:00",14120,12.25,2990.493,2410.966,2656.826,1566.667
"2012-09-06 16:30:00",14121,12.23,2990.519,2410.988,2656.85,1566.681
"2012-09-06 16:40:00",14122,12.23,2990.325,2410.521,2655.776,1566.686
"2012-09-06 16:50:00",14123,12.21,2989.179,2410.996,2655.508,1566.687
"2012-09-06 17:00:00",14124,12.2,2989.18,2410.997,2655.509,1566.687
"2012-09-06 17:10:00",14125,12.19,2989.18,2410.997,2655.509,1566.687
"2012-09-06 17:20:00",14126,12.17,2989.18,2410.997,2655.509,1566.687
"2012-09-06 17:30:00",14127,12.16,2989.18,2411.132,2655.509,1566.687
"2012-09-06 17:40:00",14128,12.15,2989.18,2411.469,2655.509,1566.687
"2012-09-06 17:50:00",14129,12.14,2989.18,2412.28,2655.509,1566.687
"2012-09-06 18:00:00",14130,12.14,2989.18,2412.348,2655.509,1569.322
"2012-09-06 18:10:00",14131,12.13,2989.18,2412.348,2655.509,1566.687
"2012-09-06 18:20:00",14132,12.13,2989.37,2412.5,2656.353,1566.787
"2012-09-06 18:30:00",14133,12.12,2989.794,2412.843,2657.406,1567.009
"2012-09-06 18:40:00",14134,12.12,2990.069,2413.065,2657.65,1567.153
"2012-09-06 18:50:00",14135,12.12,2990.152,2413.132,2658.264,1567.197
"2012-09-06 19:00:00",14136,12.11,2990.177,2413.626,2659.098,1567.21
"2012-09-06 19:10:00",14137,12.11,2990.186,2414.51,2659.105,1567.214
"2012-09-06 19:20:00",14138,12.11,2991.201,2414.512,2659.31,1567.216
"2012-09-06 19:30:00",14139,12.1,2991.54,2414.513,2660.458,1567.216
"2012-09-06 19:40:00",14140,12.1,2991.54,2414.513,2660.458,1567.216
"2012-09-06 19:50:00",14141,12.1,2991.54,2414.513,2660.458,1567.216
"2012-09-06 20:00:00",14142,12.09,2992.148,2414.513,2660.458,1567.216
"2012-09-06 20:10:00",14143,12.09,2992.823,2414.513,2660.594,1567.824
"2012-09-06 20:20:00",14144,12.09,2992.891,2414.513,2661.607,1567.216
"2012-09-06 20:30:00",14145,12.09,2992.891,2414.513,2661.81,1570.662
"2012-09-06 20:40:00",14146,12.08,2992.891,2414.513,2661.81,1569.716
"2012-09-06 20:50:00",14147,12.08,2993.026,2414.513,2661.81,1567.216
"2012-09-06 21:00:00",14148,12.08,2993.432,2414.513,2661.945,1567.216
"2012-09-06 21:10:00",14149,12.07,2993.77,2414.513,2663.026,1567.216
"2012-09-06 21:20:00",14150,12.07,2994.242,2414.513,2663.026,1572.756
"2012-09-06 21:30:00",14151,12.07,2994.242,2414.513,2663.162,1577.891
"2012-09-06 21:40:00",14152,12.07,2994.31,2414.513,2663.162,1573.229
"2012-09-06 21:50:00",14153,12.06,2995.249,2414.562,2663.215,1567.247
"2012-09-06 22:00:00",14154,12.06,2995.616,2414.531,2663.182,1569.66
"2012-09-06 22:10:00",14155,12.06,2995.725,2414.619,2663.278,1581.406
"2012-09-06 22:20:00",14156,12.05,2995.887,2414.749,2663.422,1567.369
"2012-09-06 22:30:00",14157,12.05,2995.899,2414.759,2663.703,1567.375
"2012-09-06 22:40:00",14158,12.05,2996.105,2414.925,2663.886,1567.483
"2012-09-06 22:50:00",14159,12.05,2996.222,2414.965,2664.336,1567.509
"2012-09-06 23:00:00",14160,12.04,2997.18,2415.083,2665.074,1568.87
"2012-09-06 23:10:00",14161,12.04,2997.865,2415.254,2665.33,1567.697
"2012-09-06 23:20:00",14162,12.04,2997.883,2415.336,2665.346,1568.787
"2012-09-06 23:30:00",14163,12.03,2998.243,2415.693,2665.667,1567.894
"2012-09-06 23:40:00",14164,12.03,2998.563,2416.086,2665.951,1574.214
"2012-09-06 23:50:00",14165,12.03,2998.825,2416.366,2666.184,1583.411
"2012-09-07 00:00:00",14166,12.03,2999.841,2416.583,2666.193,1584.255
"2012-09-07 00:10:00",14167,12.02,3000.07,2417.293,2666.968,1575.647
"2012-09-07 00:20:00",14168,12.02,3000.141,2417.35,2667.504,1568.788
"2012-09-07 00:30:00",14169,12.02,3000.038,2417.267,2667.412,1568.126
"2012-09-07 00:40:00",14170,12.02,2999.763,2417.114,2667.168,1577.919
"2012-09-07 00:50:00",14171,12.01,2999.623,2417.271,2667.043,1567.909
"2012-09-07 01:00:00",14172,12.01,2999.739,2418.106,2666.846,1568.942
"2012-09-07 01:10:00",14173,12.01,2999.484,2418.009,2666.942,1569.082
"2012-09-07 01:20:00",14174,12.01,2999.5,2417.831,2667.542,1568.878
"2012-09-07 01:30:00",14175,12.01,2999.91,2417.9,2667.448,1568.704
"2012-09-07 01:40:00",14176,12,2999.773,2418.533,2667.327,1568.633
"2012-09-07 01:50:00",14177,12,2999.813,2418.7,2668.038,1568.654
"2012-09-07 02:00:00",14178,12,2999.699,2418.608,2668.477,1568.594
"2012-09-07 02:10:00",14179,12,2999.664,2418.58,2668.581,1568.575
"2012-09-07 02:20:00",14180,11.99,2999.653,2418.571,2668.571,1568.57
"2012-09-07 02:30:00",14181,11.99,2999.785,2418.704,2668.569,1568.568
"2012-09-07 02:40:00",14182,11.99,3000.257,2419.041,2668.568,1568.568
"2012-09-07 02:50:00",14183,11.99,3000.797,2419.176,2668.568,1568.568
"2012-09-07 03:00:00",14184,11.99,3000.73,2419.852,2668.568,1568.568
"2012-09-07 03:10:00",14185,11.99,3000.662,2419.919,2668.568,1568.568
"2012-09-07 03:20:00",14186,11.99,3000.933,2419.919,2668.568,1568.568
"2012-09-07 03:30:00",14187,11.98,3000.865,2419.919,2668.568,1568.568
"2012-09-07 03:40:00",14188,11.98,3001,2419.919,2668.568,1568.568
"2012-09-07 03:50:00",14189,11.98,3000.865,2419.919,2668.568,1568.568
"2012-09-07 04:00:00",14190,11.98,3000.865,2419.919,2668.568,1568.568
"2012-09-07 04:10:00",14191,11.98,3000.933,2419.919,2668.568,1568.568
"2012-09-07 04:20:00",14192,11.98,3000.865,2419.919,2668.568,1568.568
"2012-09-07 04:30:00",14193,11.98,3001,2419.919,2668.568,1568.568
"2012-09-07 04:40:00",14194,11.98,3000.73,2419.919,2668.568,1568.568
"2012-09-07 04:50:00",14195,11.98,3000.73,2419.919,2668.568,1568.568
"2012-09-07 05:00:00",14196,11.97,3001,2419.919,2668.568,1568.568
"2012-09-07 05:10:00",14197,11.97,3000.865,2419.919,2668.568,1568.568
"2012-09-07 05:20:00",14198,11.97,3000.797,2419.987,2668.703,1568.568
"2012-09-07 05:30:00",14199,11.97,3000.595,2419.987,2668.635,1568.568
"2012-09-07 05:40:00",14200,11.97,3000.797,2420.054,2669.041,1568.568
"2012-09-07 05:50:00",14201,11.97,3000.865,2420.122,2669.784,1568.568
"2012-09-07 06:00:00",14202,11.97,3000.797,2419.987,2669.919,1568.568
"2012-09-07 06:10:00",14203,11.97,3000.595,2420.054,2669.919,1568.568
"2012-09-07 06:20:00",14204,11.97,3000.865,2419.919,2669.919,1568.568
"2012-09-07 06:30:00",14205,11.97,3000.595,2420.122,2669.919,1568.568
"2012-09-07 06:40:00",14206,11.98,3000.797,2420.257,2669.919,1568.568
"2012-09-07 06:50:00",14207,11.99,3000.73,2420.054,2669.919,1568.568
"2012-09-07 07:00:00",14208,11.99,3000.122,2420.459,2668.973,1568.568
"2012-09-07 07:10:00",14209,12,2999.649,2419.987,2668.568,1568.568
"2012-09-07 07:20:00",14210,12.02,2999.649,2419.987,2668.568,1568.568
"2012-09-07 07:30:00",14211,12.03,2999.649,2420.054,2668.23,1568.568
"2012-09-07 07:40:00",14212,12.04,2999.446,2419.919,2667.419,1568.5
"2012-09-07 07:50:00",14213,12.05,2998.568,2419.649,2667.284,1568.23
"2012-09-07 08:00:00",14214,12.07,2998.568,2419.176,2667.216,1568.027
"2012-09-07 08:10:00",14215,12.23,2998.635,2418.568,2667.216,1567.216
"2012-09-07 08:20:00",14216,12.39,2998.433,2418.568,2667.216,1567.216
"2012-09-07 08:30:00",14217,12.35,2998.297,2418.433,2667.216,1567.216
"2012-09-07 08:40:00",14218,12.22,2998.297,2418.568,2667.284,1567.216
"2012-09-07 08:50:00",14219,12.19,2998.297,2418.568,2667.216,1567.216
"2012-09-07 09:00:00",14220,12.21,2998.365,2418.771,2667.554,1567.216
"2012-09-07 09:10:00",14221,12.19,2998.297,2418.568,2667.216,1567.216
"2012-09-07 09:20:00",14222,12.21,2998.297,2418.162,2667.216,1567.216
"2012-09-07 09:30:00",14223,12.24,2998.297,2418.027,2667.216,1567.216
"2012-09-07 09:40:00",14224,12.24,2998.297,2417.352,2667.216,1567.216
"2012-09-07 09:50:00",14225,12.23,2998.297,2417.352,2667.216,1567.081
"2012-09-07 10:00:00",14226,12.29,2998.365,2417.216,2666.811,1567.014
"2012-09-07 10:10:00",14227,12.44,2998.297,2417.216,2666.811,1567.216
"2012-09-07 10:20:00",14228,13.06,2998.297,2417.487,2666.406,1566.879
"2012-09-07 10:30:00",14229,12.85,2998.095,2416.946,2665.865,1566.203
"2012-09-07 10:40:00",14230,12.63,2998.23,2417.216,2665.865,1566.27
