"TOA5","Kanga_Sap10A","CR1000","30701","CR1000.Std.18","CPU:UTS_SAP02_10A_Dendro24hrMinMaxHMP45.cr1","35134","DendroTenMinOutput"
"TIMESTAMP","RECORD","Batt_Volt_Avg","Dendro_Avg(1)","Dendro_Avg(2)","Dendro_Avg(3)","Dendro_Avg(4)"
"TS","RN","Volts","mV","mV","mV","mV"
"","","Avg","Avg","Avg","Avg","Avg"
"2012-11-09 17:00:00",23340,12.91,3123.214,2709.98,2878.514,1347.185
"2012-11-09 17:10:00",23341,12.89,3122.539,2709.98,2877.974,1346.037
"2012-11-09 17:20:00",23342,12.87,3121.864,2709.98,2877.434,1346.037
"2012-11-09 17:30:00",23343,12.85,3121.864,2709.912,2877.434,1346.037
"2012-11-09 17:40:00",23344,12.83,3121.121,2709.912,2877.434,1346.037
"2012-11-09 17:50:00",23345,12.81,3120.648,2709.98,2877.434,1346.037
"2012-11-09 18:00:00",23346,12.79,3120.513,2709.98,2877.434,1346.037
"2012-11-09 18:10:00",23347,12.78,3120.513,2709.912,2877.434,1346.037
"2012-11-09 18:20:00",23348,12.76,3120.513,2709.98,2877.434,1346.037
"2012-11-09 18:30:00",23349,12.75,3120.646,2710.095,2877.557,1346.094
"2012-11-09 18:40:00",23350,12.74,3120.789,2710.219,2877.688,1346.156
"2012-11-09 18:50:00",23351,12.74,3121.184,2710.563,2878.188,1346.326
"2012-11-09 19:00:00",23352,12.74,3121.431,2711.25,2880.037,1346.838
"2012-11-09 19:10:00",23353,12.73,3121.527,2712.076,2881.003,1347.825
"2012-11-09 19:20:00",23354,12.73,3121.555,2712.236,2881.097,1347.837
"2012-11-09 19:30:00",23355,12.73,3121.564,2712.648,2881.781,1347.841
"2012-11-09 19:40:00",23356,12.73,3121.567,2713.529,2882.458,1347.842
"2012-11-09 19:50:00",23357,12.73,3121.635,2713.597,2882.662,1347.842
"2012-11-09 20:00:00",23358,12.73,3122.65,2713.716,2883.936,1347.969
"2012-11-09 20:10:00",23359,12.72,3123.289,2713.919,2884.153,1349.218
"2012-11-09 20:20:00",23360,12.72,3124.003,2714.188,2884.708,1349.487
"2012-11-09 20:30:00",23361,12.72,3125.202,2714.407,2885.617,1349.596
"2012-11-09 20:40:00",23362,12.72,3125.287,2715.292,2886.1,1349.632
"2012-11-09 20:50:00",23363,12.72,3125.583,2715.855,2886.935,1349.644
"2012-11-09 21:00:00",23364,12.71,3126.672,2715.862,2887.483,1349.647
"2012-11-09 21:10:00",23365,12.71,3126.945,2715.864,2887.485,1349.648
"2012-11-09 21:20:00",23366,12.71,3128.026,2715.864,2887.486,1349.648
"2012-11-09 21:30:00",23367,12.71,3128.026,2715.864,2888.702,1349.648
"2012-11-09 21:40:00",23368,12.71,3128.364,2715.999,2888.837,1349.648
"2012-11-09 21:50:00",23369,12.7,3129.242,2715.864,2888.972,1349.648
"2012-11-09 22:00:00",23370,12.7,3129.851,2716.675,2890.188,1349.648
"2012-11-09 22:10:00",23371,12.7,3130.729,2717.215,2890.188,1349.716
"2012-11-09 22:20:00",23372,12.69,3130.729,2717.215,2890.188,1350.527
"2012-11-09 22:30:00",23373,12.69,3131.54,2717.215,2890.526,1351
"2012-11-09 22:40:00",23374,12.69,3132.08,2717.215,2890.729,1351
"2012-11-09 22:50:00",23375,12.69,3132.283,2717.215,2891.472,1351
"2012-11-09 23:00:00",23376,12.68,3133.432,2717.215,2891.54,1351
"2012-11-09 23:10:00",23377,12.68,3133.432,2717.215,2891.54,1351
"2012-11-09 23:20:00",23378,12.68,3133.432,2717.215,2892.148,1351
"2012-11-09 23:30:00",23379,12.68,3133.567,2717.215,2892.823,1351
"2012-11-09 23:40:00",23380,12.67,3134.445,2717.215,2892.891,1351
"2012-11-09 23:50:00",23381,12.67,3134.783,2717.283,2892.891,1351
"2012-11-10 00:00:00",23382,12.67,3134.783,2717.486,2892.891,1351
"2012-11-10 00:10:00",23383,12.66,3135.594,2717.621,2892.891,1351
"2012-11-10 00:20:00",23384,12.66,3136.134,2717.823,2892.891,1351
"2012-11-10 00:30:00",23385,12.65,3136.134,2718.161,2892.891,1351
"2012-11-10 00:40:00",23386,12.65,3136.134,2718.094,2892.891,1351
"2012-11-10 00:50:00",23387,12.65,3136.134,2718.026,2893.567,1351
"2012-11-10 01:00:00",23388,12.64,3136.134,2718.229,2894.242,1351
"2012-11-10 01:10:00",23389,12.64,3136.134,2718.432,2894.242,1351
"2012-11-10 01:20:00",23390,12.64,3136.337,2718.567,2894.242,1351
"2012-11-10 01:30:00",23391,12.63,3137.486,2718.567,2894.242,1351
"2012-11-10 01:40:00",23392,12.63,3137.486,2718.567,2894.242,1351
"2012-11-10 01:50:00",23393,12.62,3137.486,2718.567,2894.242,1351
"2012-11-10 02:00:00",23394,12.62,3137.486,2718.567,2894.242,1351
"2012-11-10 02:10:00",23395,12.61,3137.486,2718.567,2894.242,1351
"2012-11-10 02:20:00",23396,12.61,3138.161,2718.567,2894.445,1351
"2012-11-10 02:30:00",23397,12.6,3138.837,2718.567,2894.986,1351
"2012-11-10 02:40:00",23398,12.6,3138.837,2718.567,2895.459,1351
"2012-11-10 02:50:00",23399,12.6,3138.77,2718.567,2895.459,1351
"2012-11-10 03:00:00",23400,12.59,3138.837,2718.567,2895.391,1351
"2012-11-10 03:10:00",23401,12.59,3138.837,2718.567,2895.391,1351
"2012-11-10 03:20:00",23402,12.58,3138.837,2718.567,2895.324,1351
"2012-11-10 03:30:00",23403,12.58,3138.837,2718.567,2895.256,1351
"2012-11-10 03:40:00",23404,12.57,3138.837,2718.567,2895.459,1351
"2012-11-10 03:50:00",23405,12.57,3138.837,2718.567,2895.188,1351
"2012-11-10 04:00:00",23406,12.57,3138.837,2718.567,2895.053,1351
"2012-11-10 04:10:00",23407,12.58,3138.837,2718.567,2895.459,1351
"2012-11-10 04:20:00",23408,12.58,3138.837,2718.567,2895.391,1351
"2012-11-10 04:30:00",23409,12.58,3138.837,2718.567,2895.594,1351
"2012-11-10 04:40:00",23410,12.58,3138.837,2718.161,2895.391,1351
"2012-11-10 04:50:00",23411,12.58,3138.837,2718.229,2895.526,1351
"2012-11-10 05:00:00",23412,12.58,3138.837,2718.229,2895.594,1351
"2012-11-10 05:10:00",23413,12.58,3138.837,2718.432,2895.324,1350.865
"2012-11-10 05:20:00",23414,12.59,3138.837,2718.499,2895.526,1350.932
"2012-11-10 05:30:00",23415,12.59,3138.837,2718.567,2895.594,1350.797
"2012-11-10 05:40:00",23416,12.6,3138.837,2718.567,2895.594,1350.865
"2012-11-10 05:50:00",23417,12.62,3138.882,2718.606,2895.635,1350.951
"2012-11-10 06:00:00",23418,12.65,3139.08,2718.602,2895.631,1351.017
"2012-11-10 06:10:00",23419,12.76,3138.917,2718.578,2895.606,1351.005
"2012-11-10 06:20:00",23420,12.79,3139.584,2719.381,2895.598,1351.001
"2012-11-10 06:30:00",23421,12.78,3140.19,2719.92,2895.933,1351
"2012-11-10 06:40:00",23422,12.75,3140.189,2719.919,2895.73,1351
"2012-11-10 06:50:00",23423,12.82,3140.392,2719.919,2896.203,1351
"2012-11-10 07:00:00",23424,12.95,3141,2719.919,2896.879,1352.081
"2012-11-10 07:10:00",23425,12.99,3141.338,2719.987,2896.946,1352.351
"2012-11-10 07:20:00",23426,13.01,3141.473,2721.068,2897.081,1352.351
"2012-11-10 07:30:00",23427,13.12,3141.541,2721.271,2897.352,1352.351
"2012-11-10 07:40:00",23428,13.12,3141.541,2721.271,2896.946,1352.351
"2012-11-10 07:50:00",23429,13.07,3141.541,2721.271,2896.946,1352.351
"2012-11-10 08:00:00",23430,13.18,3141.541,2721.271,2896.676,1352.351
"2012-11-10 08:10:00",23431,13.12,3141.541,2721.271,2895.865,1352.351
"2012-11-10 08:20:00",23432,13.03,3141.541,2721.271,2895.595,1352.351
"2012-11-10 08:30:00",23433,12.99,3141.418,2720.083,2895.481,1352.298
"2012-11-10 08:40:00",23434,13.06,3141.377,2719.778,2895.444,1352.281
"2012-11-10 08:50:00",23435,13.36,3141.465,2719.853,2895.39,1352.319
"2012-11-10 09:00:00",23436,13.29,3141.488,2719.873,2895.343,1352.329
"2012-11-10 09:10:00",23437,13.27,3141.197,2719.621,2894.197,1352.203
"2012-11-10 09:20:00",23438,13.09,3140.988,2719.44,2893.734,1352.114
"2012-11-10 09:30:00",23439,13.04,3140.86,2719.33,2893.616,1352.058
"2012-11-10 09:40:00",23440,13.04,3140.809,2719.402,2893.694,1352.095
"2012-11-10 09:50:00",23441,13.04,3140.848,2719.553,2893.854,1352.17
"2012-11-10 10:00:00",23442,13.13,3140.979,2719.667,2893.975,1352.226
"2012-11-10 10:10:00",23443,13.16,3141.011,2719.812,2893.859,1352.028
"2012-11-10 10:20:00",23444,13.01,3140.3,2719.781,2893.353,1351.404
"2012-11-10 10:30:00",23445,13.02,3140.056,2719.668,2892.769,1350.943
"2012-11-10 10:40:00",23446,13.24,3140.148,2719.816,2892.854,1350.982
"2012-11-10 10:50:00",23447,13.14,3140.177,2718.759,2892.88,1350.995
"2012-11-10 11:00:00",23448,13.21,3140.185,2718.564,2892.888,1350.998
"2012-11-10 11:10:00",23449,13.26,3140.188,2718.566,2892.89,1350.999
"2012-11-10 11:20:00",23450,13.19,3140.188,2718.567,2892.891,1351
"2012-11-10 11:30:00",23451,13.51,3140.188,2718.567,2892.891,1351
"2012-11-10 11:40:00",23452,13.26,3139.715,2718.567,2892.891,1351
"2012-11-10 11:50:00",23453,13.77,3139.175,2718.567,2892.891,1351
"2012-11-10 12:00:00",23454,13.59,3139.04,2718.567,2892.891,1351
"2012-11-10 12:10:00",23455,13.75,3139.056,2718.455,2892.844,1350.977
"2012-11-10 12:20:00",23456,13.71,3138.779,2718.224,2892.526,1350.829
"2012-11-10 12:30:00",23457,13.75,3138.199,2717.745,2891.966,1350.725
"2012-11-10 12:40:00",23458,13.52,3137.978,2716.809,2890.748,1350.63
"2012-11-10 12:50:00",23459,13.37,3137.881,2717.468,2890.659,1350.588
"2012-11-10 13:00:00",23460,13.19,3137.923,2716.83,2890.698,1350.336
"2012-11-10 13:10:00",23461,13.07,3137.835,2716.348,2890.617,1349.758
"2012-11-10 13:20:00",23462,13.11,3137.893,2716.398,2889.859,1349.242
"2012-11-10 13:30:00",23463,13.18,3137.924,2716.426,2889.753,1349.256
"2012-11-10 13:40:00",23464,13.18,3138.071,2716.611,2889.816,1349.348
"2012-11-10 13:50:00",23465,13.37,3138.21,2716.79,2890.141,1349.437
"2012-11-10 14:00:00",23466,13.69,3138.477,2717.021,2890.117,1349.552
"2012-11-10 14:10:00",23467,13.52,3138.452,2716.999,2890.228,1349.608
"2012-11-10 14:20:00",23468,13.2,3138.475,2717.019,2890.453,1349.956
"2012-11-10 14:30:00",23469,13.47,3138.042,2716.878,2889.829,1349.616
"2012-11-10 14:40:00",23470,13.75,3138.227,2716.805,2889.751,1349.512
"2012-11-10 14:50:00",23471,13.48,3138.179,2716.705,2889.848,1349.665
"2012-11-10 15:00:00",23472,13.3,3137.898,2716.636,2889.978,1349.631
"2012-11-10 15:10:00",23473,13.49,3137.845,2716.474,2889.535,1349.415
"2012-11-10 15:20:00",23474,13.49,3137.814,2716.389,2889.309,1349.373
"2012-11-10 15:30:00",23475,13.77,3137.893,2716.399,2889.32,1349.378
"2012-11-10 15:40:00",23476,13.58,3137.783,2716.537,2889.467,1349.312
"2012-11-10 15:50:00",23477,13.48,3137.549,2716.451,2889.376,1349.674
"2012-11-10 16:00:00",23478,13.32,3137.171,2716.417,2889.339,1349.319
"2012-11-10 16:10:00",23479,13.21,3136.532,2716.389,2889.31,1349.238
"2012-11-10 16:20:00",23480,13.12,3136.501,2716.363,2889.282,1349.225
"2012-11-10 16:30:00",23481,13.09,3136.691,2716.528,2889.457,1349.307
"2012-11-10 16:40:00",23482,13.04,3136.792,2716.615,2889.549,1349.35
"2012-11-10 16:50:00",23483,13.03,3137.058,2716.845,2889.794,1349.464
"2012-11-10 17:00:00",23484,13.01,3137.278,2717.036,2889.997,1349.559
"2012-11-10 17:10:00",23485,12.95,3137.423,2717.161,2890.13,1349.621
"2012-11-10 17:20:00",23486,12.94,3137.467,2717.2,2890.171,1349.64
"2012-11-10 17:30:00",23487,12.9,3137.48,2717.211,2890.183,1349.646
"2012-11-10 17:40:00",23488,12.86,3137.484,2717.214,2890.187,1349.648
"2012-11-10 17:50:00",23489,12.81,3137.486,2717.215,2890.188,1349.648
"2012-11-10 18:00:00",23490,12.79,3137.486,2717.215,2890.188,1349.648
"2012-11-10 18:10:00",23491,12.78,3137.486,2717.215,2890.188,1349.648
"2012-11-10 18:20:00",23492,12.77,3137.486,2717.215,2890.188,1349.648
"2012-11-10 18:30:00",23493,12.75,3137.486,2717.215,2890.188,1349.648
"2012-11-10 18:40:00",23494,12.74,3137.486,2717.215,2890.188,1349.648
"2012-11-10 18:50:00",23495,12.74,3137.486,2717.215,2890.188,1349.648
"2012-11-10 19:00:00",23496,12.73,3137.486,2717.215,2890.188,1349.648
"2012-11-10 19:10:00",23497,12.73,3137.486,2717.215,2890.188,1349.648
"2012-11-10 19:20:00",23498,12.72,3137.486,2717.215,2890.796,1349.648
"2012-11-10 19:30:00",23499,12.72,3137.486,2717.418,2891.472,1349.648
"2012-11-10 19:40:00",23500,12.71,3137.486,2717.621,2891.54,1349.648
"2012-11-10 19:50:00",23501,12.71,3137.486,2717.756,2891.54,1349.648
"2012-11-10 20:00:00",23502,12.7,3137.958,2717.351,2892.283,1349.648
"2012-11-10 20:10:00",23503,12.7,3138.567,2717.283,2892.891,1349.648
"2012-11-10 20:20:00",23504,12.7,3138.77,2717.553,2892.756,1349.648
"2012-11-10 20:30:00",23505,12.69,3138.567,2717.486,2892.553,1349.648
"2012-11-10 20:40:00",23506,12.69,3138.78,2717.563,2892.833,1349.653
"2012-11-10 20:50:00",23507,12.69,3138.767,2718.015,2892.951,1349.676
"2012-11-10 21:00:00",23508,12.68,3138.895,2718.482,2892.945,1349.673
"2012-11-10 21:10:00",23509,12.68,3138.968,2718.68,2893.012,1349.705
"2012-11-10 21:20:00",23510,12.67,3138.949,2718.664,2892.994,1349.696
"2012-11-10 21:30:00",23511,12.67,3139.025,2718.729,2893.064,1349.729
"2012-11-10 21:40:00",23512,12.67,3138.976,2718.687,2893.019,1349.708
"2012-11-10 21:50:00",23513,12.66,3139.168,2718.854,2893.197,1349.791
"2012-11-10 22:00:00",23514,12.66,3139.212,2718.892,2893.237,1349.81
"2012-11-10 22:10:00",23515,12.65,3139.015,2718.721,2893.055,1349.725
"2012-11-10 22:20:00",23516,12.65,3139.011,2718.717,2893.051,1349.723
"2012-11-10 22:30:00",23517,12.64,3139.245,2718.744,2893.08,1349.736
"2012-11-10 22:40:00",23518,12.64,3139.438,2718.794,2893.134,1349.761
"2012-11-10 22:50:00",23519,12.63,3139.316,2718.806,2893.146,1349.767
"2012-11-10 23:00:00",23520,12.63,3139.69,2718.779,2893.117,1349.754
"2012-11-10 23:10:00",23521,12.62,3139.343,2718.771,2893.108,1349.75
"2012-11-10 23:20:00",23522,12.62,3139.5,2718.906,2893.252,1349.817
"2012-11-10 23:30:00",23523,12.61,3139.739,2718.938,2893.286,1349.833
"2012-11-10 23:40:00",23524,12.6,3139.886,2719.183,2893.547,1349.954
"2012-11-10 23:50:00",23525,12.6,3139.716,2719.211,2893.577,1349.968
"2012-11-11 00:00:00",23526,12.59,3140.039,2719.491,2893.874,1350.107
"2012-11-11 00:10:00",23527,12.58,3140.299,2719.658,2894.052,1350.19
"2012-11-11 00:20:00",23528,12.58,3140.453,2719.966,2894.38,1350.343
"2012-11-11 00:30:00",23529,12.57,3140.836,2720.181,2894.609,1350.449
"2012-11-11 00:40:00",23530,12.56,3140.865,2720.323,2894.76,1350.52
"2012-11-11 00:50:00",23531,12.56,3140.931,2720.38,2894.821,1350.548
"2012-11-11 01:00:00",23532,12.55,3140.951,2720.33,2894.839,1350.557
"2012-11-11 01:10:00",23533,12.54,3140.957,2720.064,2894.844,1350.559
"2012-11-11 01:20:00",23534,12.54,3140.958,2719.999,2894.846,1350.56
"2012-11-11 01:30:00",23535,12.53,3140.958,2719.796,2894.847,1350.56
"2012-11-11 01:40:00",23536,12.53,3140.958,2719.12,2894.847,1350.56
"2012-11-11 01:50:00",23537,12.52,3140.958,2719.593,2894.847,1350.56
"2012-11-11 02:00:00",23538,12.52,3140.958,2719.12,2894.847,1350.56
"2012-11-11 02:10:00",23539,12.52,3140.958,2719.187,2894.847,1350.56
"2012-11-11 02:20:00",23540,12.51,3140.958,2719.12,2895.185,1350.56
"2012-11-11 02:30:00",23541,12.51,3140.958,2719.12,2895.252,1350.56
"2012-11-11 02:40:00",23542,12.51,3140.958,2719.052,2895.185,1350.56
"2012-11-11 02:50:00",23543,12.51,3141.026,2719.796,2895.861,1350.56
"2012-11-11 03:00:00",23544,12.51,3141.365,2720.269,2896.131,1350.56
"2012-11-11 03:10:00",23545,12.5,3141.162,2720.405,2896.199,1350.56
"2012-11-11 03:20:00",23546,12.5,3140.958,2720.405,2896.199,1350.56
"2012-11-11 03:30:00",23547,12.5,3141.838,2720.405,2896.199,1350.56
"2012-11-11 03:40:00",23548,12.5,3142.311,2720.405,2896.199,1350.56
"2012-11-11 03:50:00",23549,12.5,3142.311,2720.405,2896.199,1350.56
"2012-11-11 04:00:00",23550,12.5,3142.311,2720.405,2896.199,1350.56
"2012-11-11 04:10:00",23551,12.5,3142.311,2720.405,2896.266,1350.56
"2012-11-11 04:20:00",23552,12.52,3142.311,2720.405,2896.537,1350.56
"2012-11-11 04:30:00",23553,12.52,3142.311,2720.54,2897.01,1350.56
"2012-11-11 04:40:00",23554,12.52,3142.311,2720.878,2897.348,1350.56
"2012-11-11 04:50:00",23555,12.52,3142.323,2721.438,2897.5,1350.536
"2012-11-11 05:00:00",23556,12.52,3143.026,2721.732,2897.524,1350.548
"2012-11-11 05:10:00",23557,12.53,3143.52,2721.749,2897.543,1350.557
"2012-11-11 05:20:00",23558,12.53,3143.531,2721.701,2897.491,1350.532
"2012-11-11 05:30:00",23559,12.56,3143.498,2721.614,2897.399,1350.489
"2012-11-11 05:40:00",23560,12.58,3143.615,2721.715,2897.506,1350.539
"2012-11-11 05:50:00",23561,12.61,3143.558,2721.666,2897.455,1350.515
"2012-11-11 06:00:00",23562,12.63,3143.312,2721.452,2897.768,1350.409
"2012-11-11 06:10:00",23563,12.68,3143.049,2721.225,2897.458,1350.432
"2012-11-11 06:20:00",23564,12.8,3142.628,2721.739,2897.948,1351.467
"2012-11-11 06:30:00",23565,12.94,3143.51,2721.864,2897.578,1351.295
"2012-11-11 06:40:00",23566,13.05,3143.279,2721.673,2898.181,1351.166
"2012-11-11 06:50:00",23567,12.97,3143.028,2722.267,2898.423,1351.126
"2012-11-11 07:00:00",23568,12.82,3142.993,2722.506,2898.39,1351.854
"2012-11-11 07:10:00",23569,12.98,3143.269,2722.655,2898.333,1352.368
"2012-11-11 07:20:00",23570,13,3144.052,2722.631,2898.308,1352.356
"2012-11-11 07:30:00",23571,13.04,3144.179,2722.625,2898.3,1352.353
"2012-11-11 07:40:00",23572,13.04,3144.244,2722.622,2898.298,1352.352
"2012-11-11 07:50:00",23573,13.2,3144.244,2722.622,2898.297,1352.351
"2012-11-11 08:00:00",23574,13.22,3144.244,2722.824,2898.297,1352.351
"2012-11-11 08:10:00",23575,13.35,3144.244,2723.027,2898.162,1352.351
"2012-11-11 08:20:00",23576,13.28,3144.244,2723.906,2897.014,1352.351
"2012-11-11 08:30:00",23577,13.4,3144.244,2723.162,2896.338,1352.351
"2012-11-11 08:40:00",23578,13.33,3144.073,2722.947,2895.573,1352.278
"2012-11-11 08:50:00",23579,13.38,3143.502,2721.98,2894.912,1352.033
"2012-11-11 09:00:00",23580,13.76,3143.279,2721.922,2894.639,1351.937
"2012-11-11 09:10:00",23581,13.76,3143.19,2721.169,2893.678,1351.898
"2012-11-11 09:20:00",23582,13.7,3143.039,2720.228,2893.135,1351.834
"2012-11-11 09:30:00",23583,13.68,3142.021,2719.796,2892.481,1351.619
"2012-11-11 09:40:00",23584,13.6,3140.98,2718.67,2891.403,1351.529
"2012-11-11 09:50:00",23585,13.74,3140.875,2718.646,2891.17,1350.808
"2012-11-11 10:00:00",23586,13.74,3140.219,2718.249,2891.115,1350.171
"2012-11-11 10:10:00",23587,13.76,3139.676,2718.305,2891.175,1350.198
"2012-11-11 10:20:00",23588,13.79,3139.766,2718.382,2891.19,1350.237
"2012-11-11 10:30:00",23589,13.81,3139.801,2718.413,2890.615,1350.252
"2012-11-11 10:40:00",23590,13.84,3139.523,2718.523,2890.057,1350.307
"2012-11-11 10:50:00",23591,13.83,3138.709,2718.367,2889.165,1350.296
"2012-11-11 11:00:00",23592,13.83,3138.519,2717.189,2888.652,1350.281
"2012-11-11 11:10:00",23593,13.75,3137.669,2717.038,2888.424,1350.139
"2012-11-11 11:20:00",23594,13.83,3136.943,2716.8,2887.504,1349.615
"2012-11-11 11:30:00",23595,13.88,3136.765,2716.705,2887.875,1349.028
"2012-11-11 11:40:00",23596,13.81,3136.734,2716.61,2888.117,1349.15
"2012-11-11 11:50:00",23597,13.75,3136.724,2716.129,2887.635,1348.74
"2012-11-11 12:00:00",23598,13.71,3136.046,2716.194,2887.97,1348.739
"2012-11-11 12:10:00",23599,13.76,3135.64,2716.194,2887.227,1348.739
"2012-11-11 12:20:00",23600,13.71,3135.302,2716.059,2886.889,1348.739
"2012-11-11 12:30:00",23601,13.84,3134.425,2715.789,2886.889,1348.536
"2012-11-11 12:40:00",23602,13.87,3134.02,2715.991,2886.214,1347.591
"2012-11-11 12:50:00",23603,13.69,3134.02,2715.991,2885.606,1347.456
"2012-11-11 13:00:00",23604,13.72,3134.02,2715.721,2885.539,1347.388
"2012-11-11 13:10:00",23605,13.69,3133.817,2715.383,2885.539,1347.388
"2012-11-11 13:20:00",23606,13.72,3133.277,2715.383,2885.539,1347.253
"2012-11-11 13:30:00",23607,13.88,3132.669,2715.383,2885.066,1346.038
"2012-11-11 13:40:00",23608,13.78,3132.669,2715.383,2884.594,1346.038
"2012-11-11 13:50:00",23609,13.72,3132.669,2715.519,2884.594,1346.038
"2012-11-11 14:00:00",23610,13.38,3132.197,2715.383,2884.188,1346.038
"2012-11-11 14:10:00",23611,13.37,3131.589,2715.451,2884.188,1346.038
"2012-11-11 14:20:00",23612,13.39,3131.319,2715.383,2884.188,1346.038
"2012-11-11 14:30:00",23613,13.54,3131.319,2715.383,2883.851,1346.038
"2012-11-11 14:40:00",23614,13.25,3131.251,2715.383,2883.041,1346.038
"2012-11-11 14:50:00",23615,13.19,3130.306,2715.383,2882.838,1346.038
"2012-11-11 15:00:00",23616,13.16,3129.968,2715.383,2882.77,1346.038
"2012-11-11 15:10:00",23617,13.15,3129.968,2715.383,2882.568,1346.038
"2012-11-11 15:20:00",23618,13.16,3130.192,2715.636,2882.296,1346.163
"2012-11-11 15:30:00",23619,13.16,3129.359,2715.968,2882.108,1346.327
"2012-11-11 15:40:00",23620,13.11,3129.375,2716.041,2882.185,1346.364
"2012-11-11 15:50:00",23621,13.3,3129.569,2716.208,2881.688,1346.447
"2012-11-11 16:00:00",23622,13.82,3129.642,2716.272,2881.079,1346.41
"2012-11-11 16:10:00",23623,13.75,3129.664,2716.292,2881.1,1346.015
"2012-11-11 16:20:00",23624,13.73,3129.67,2716.297,2881.106,1345.207
"2012-11-11 16:30:00",23625,13.19,3129.672,2716.299,2881.108,1345.14
"2012-11-11 16:40:00",23626,13.09,3129.381,2716.281,2881.089,1345.131
"2012-11-11 16:50:00",23627,13.04,3129.314,2716.375,2880.902,1345.044
"2012-11-11 17:00:00",23628,12.99,3129.025,2716.471,2880.574,1345.702
"2012-11-11 17:10:00",23629,12.97,3129.068,2716.112,2880.552,1346.164
"2012-11-11 17:20:00",23630,12.95,3129.296,2716.309,2880.761,1346.262
"2012-11-11 17:30:00",23631,12.92,3129.349,2716.87,2880.997,1346.169
"2012-11-11 17:40:00",23632,12.91,3129.231,2717.618,2881.075,1345.598
"2012-11-11 17:50:00",23633,12.89,3128.649,2717.371,2881.098,1345.136
"2012-11-11 18:00:00",23634,12.87,3128.387,2717.242,2881.106,1345.139
"2012-11-11 18:10:00",23635,12.84,3128.322,2717.649,2881.108,1345.14
"2012-11-11 18:20:00",23636,12.83,3128.333,2717.659,2881.591,1345.145
"2012-11-11 18:30:00",23637,12.81,3129.011,2717.955,2882.783,1345.292
"2012-11-11 18:40:00",23638,12.8,3129.41,2718.36,2883.212,1345.492
"2012-11-11 18:50:00",23639,12.79,3130.454,2718.504,2884.108,1345.563
"2012-11-11 19:00:00",23640,12.79,3130.573,2718.549,2884.764,1345.585
"2012-11-11 19:10:00",23641,12.79,3130.723,2718.562,2884.778,1345.659
"2012-11-11 19:20:00",23642,12.78,3130.728,2718.566,2884.782,1345.864
"2012-11-11 19:30:00",23643,12.78,3130.729,2718.905,2884.783,1346.473
"2012-11-11 19:40:00",23644,12.78,3130.729,2719.918,2885.256,1346.81
"2012-11-11 19:50:00",23645,12.77,3130.729,2719.918,2885.796,1346.743
"2012-11-11 20:00:00",23646,12.77,3130.729,2719.918,2886.134,1346.946
"2012-11-11 20:10:00",23647,12.76,3130.729,2719.918,2886.134,1346.946
"2012-11-11 20:20:00",23648,12.76,3130.999,2719.918,2886.27,1346.946
"2012-11-11 20:30:00",23649,12.76,3132.08,2719.918,2887.486,1346.946
"2012-11-11 20:40:00",23650,12.76,3132.08,2719.918,2887.486,1346.946
"2012-11-11 20:50:00",23651,12.75,3132.08,2719.918,2887.486,1346.946
"2012-11-11 21:00:00",23652,12.75,3132.08,2719.918,2887.486,1346.946
"2012-11-11 21:10:00",23653,12.75,3132.08,2719.918,2887.486,1346.946
"2012-11-11 21:20:00",23654,12.75,3132.08,2719.918,2887.486,1346.946
"2012-11-11 21:30:00",23655,12.75,3132.08,2719.918,2887.486,1346.946
"2012-11-11 21:40:00",23656,12.74,3132.688,2719.918,2887.553,1346.946
"2012-11-11 21:50:00",23657,12.74,3133.364,2719.918,2888.229,1346.946
"2012-11-11 22:00:00",23658,12.74,3133.574,2720.042,2888.968,1347.007
"2012-11-11 22:10:00",23659,12.73,3133.66,2720.116,2889.047,1347.044
"2012-11-11 22:20:00",23660,12.73,3133.658,2720.115,2889.046,1347.043
"2012-11-11 22:30:00",23661,12.73,3133.593,2720.058,2888.986,1347.015
"2012-11-11 22:40:00",23662,12.73,3133.519,2719.994,2888.917,1346.983
"2012-11-11 22:50:00",23663,12.73,3133.72,2720.168,2889.103,1347.069
"2012-11-11 23:00:00",23664,12.72,3133.764,2720.207,2889.143,1347.088
"2012-11-11 23:10:00",23665,12.72,3134.006,2720.417,2889.705,1347.193
"2012-11-11 23:20:00",23666,12.72,3133.998,2720.41,2890.643,1347.189
"2012-11-11 23:30:00",23667,12.71,3134.19,2720.577,2890.888,1347.271
"2012-11-11 23:40:00",23668,12.71,3134.318,2720.688,2891.006,1347.327
"2012-11-11 23:50:00",23669,12.71,3134.449,2720.801,2891.127,1347.383
"2012-11-12 00:00:00",23670,12.71,3134.73,2721.045,2891.386,1347.503
"2012-11-12 00:10:00",23671,12.7,3135.024,2721.3,2891.657,1347.63
"2012-11-12 00:20:00",23672,12.7,3135.174,2721.43,2891.795,1347.694
"2012-11-12 00:30:00",23673,12.7,3135.429,2721.652,2892.031,1347.804
"2012-11-12 00:40:00",23674,12.7,3135.649,2721.725,2892.109,1347.84
"2012-11-12 00:50:00",23675,12.69,3135.674,2721.748,2892.132,1347.851
"2012-11-12 01:00:00",23676,12.69,3135.75,2721.754,2892.139,1347.854
"2012-11-12 01:10:00",23677,12.69,3136.022,2721.756,2892.142,1347.855
"2012-11-12 01:20:00",23678,12.68,3135.888,2721.756,2892.142,1347.856
"2012-11-12 01:30:00",23679,12.68,3135.82,2721.756,2892.142,1347.856
"2012-11-12 01:40:00",23680,12.68,3135.752,2721.756,2892.142,1347.856
"2012-11-12 01:50:00",23681,12.67,3135.82,2721.756,2892.142,1347.856
"2012-11-12 02:00:00",23682,12.67,3135.82,2721.756,2892.142,1347.856
"2012-11-12 02:10:00",23683,12.67,3136.226,2721.756,2892.345,1347.856
"2012-11-12 02:20:00",23684,12.66,3136.767,2721.756,2892.413,1347.856
"2012-11-12 02:30:00",23685,12.66,3136.834,2721.756,2892.548,1347.856
"2012-11-12 02:40:00",23686,12.66,3136.902,2721.756,2893.427,1347.856
"2012-11-12 02:50:00",23687,12.65,3136.902,2721.756,2893.494,1347.856
"2012-11-12 03:00:00",23688,12.65,3136.902,2721.756,2893.494,1347.856
"2012-11-12 03:10:00",23689,12.64,3136.902,2722.838,2893.494,1347.856
"2012-11-12 03:20:00",23690,12.64,3136.902,2723.109,2893.494,1347.856
"2012-11-12 03:30:00",23691,12.64,3137.105,2723.109,2894.035,1347.856
"2012-11-12 03:40:00",23692,12.63,3138.187,2723.109,2894.508,1347.856
"2012-11-12 03:50:00",23693,12.63,3138.119,2723.109,2894.644,1348.194
"2012-11-12 04:00:00",23694,12.62,3138.119,2723.109,2894.644,1349.073
"2012-11-12 04:10:00",23695,12.62,3138.187,2723.109,2894.847,1349.208
"2012-11-12 04:20:00",23696,12.61,3138.187,2723.109,2894.847,1349.208
"2012-11-12 04:30:00",23697,12.61,3138.254,2723.109,2894.847,1349.208
"2012-11-12 04:40:00",23698,12.6,3138.254,2723.109,2894.847,1349.208
"2012-11-12 04:50:00",23699,12.6,3138.254,2723.109,2894.847,1349.208
"2012-11-12 05:00:00",23700,12.6,3138.254,2723.176,2894.847,1349.208
"2012-11-12 05:10:00",23701,12.61,3138.254,2724.461,2894.847,1349.208
"2012-11-12 05:20:00",23702,12.62,3138.254,2724.258,2894.847,1349.208
"2012-11-12 05:30:00",23703,12.64,3138.254,2724.394,2895.996,1349.208
"2012-11-12 05:40:00",23704,12.64,3139.133,2724.461,2896.199,1349.681
"2012-11-12 05:50:00",23705,12.64,3139.606,2724.461,2896.266,1350.56
"2012-11-12 06:00:00",23706,12.66,3139.539,2724.876,2897.218,1350.531
"2012-11-12 06:10:00",23707,12.7,3139.347,2725.295,2897,1350.303
"2012-11-12 06:20:00",23708,12.79,3139.856,2725.803,2896.534,1350.086
"2012-11-12 06:30:00",23709,12.88,3139.247,2725.679,2895.971,1349.824
"2012-11-12 06:40:00",23710,12.91,3139.03,2725.491,2896.042,1349.934
"2012-11-12 06:50:00",23711,12.97,3138.907,2725.654,2895.861,1350.624
"2012-11-12 07:00:00",23712,13.01,3139.053,2725.732,2896.682,1351.034
"2012-11-12 07:10:00",23713,12.99,3139.605,2726.291,2896.968,1351.01
"2012-11-12 07:20:00",23714,12.93,3140.196,2726.682,2896.952,1351.003
"2012-11-12 07:30:00",23715,12.96,3140.191,2726.813,2896.948,1351.001
"2012-11-12 07:40:00",23716,12.96,3140.19,2726.676,2896.946,1351
"2012-11-12 07:50:00",23717,12.95,3140.189,2725.933,2895.73,1351
"2012-11-12 08:00:00",23718,12.95,3140.189,2725.595,2895.46,1351
"2012-11-12 08:10:00",23719,12.95,3140.189,2725.798,2894.514,1350.797
"2012-11-12 08:20:00",23720,12.95,3140.122,2725.325,2894.041,1349.851
"2012-11-12 08:30:00",23721,12.97,3139.771,2725.255,2893.088,1349.885
"2012-11-12 08:40:00",23722,13.03,3138.981,2724.745,2892.682,1350.443
"2012-11-12 08:50:00",23723,13.07,3138.979,2724.508,2892.229,1350.596
"2012-11-12 09:00:00",23724,13.32,3138.76,2724.436,2891.948,1350.56
"2012-11-12 09:10:00",23725,13.56,3138.902,2723.464,2891.706,1350.176
"2012-11-12 09:20:00",23726,13.78,3138.374,2722.398,2891.219,1350.219
"2012-11-12 09:30:00",23727,13.83,3137.756,2722.214,2891.024,1349.318
"2012-11-12 09:40:00",23728,13.7,3137.49,2721.551,2890.965,1348.75
"2012-11-12 09:50:00",23729,13.75,3136.728,2720.994,2890.272,1348.742
"2012-11-12 10:00:00",23730,13.8,3136.722,2720.787,2889.592,1348.739
"2012-11-12 10:10:00",23731,13.73,3136.248,2720.785,2889.387,1348.536
"2012-11-12 10:20:00",23732,13.77,3135.438,2720.718,2888.307,1347.388
"2012-11-12 10:30:00",23733,13.79,3135.302,2720.11,2888.24,1347.388
"2012-11-12 10:40:00",23734,13.89,3134.425,2719.772,2888.24,1347.388
"2012-11-12 10:50:00",23735,13.64,3134.02,2719.705,2887.227,1347.388
"2012-11-12 11:00:00",23736,13.8,3134.02,2719.435,2886.889,1347.388
"2012-11-12 11:10:00",23737,13.75,3133.952,2719.435,2886.349,1347.388
"2012-11-12 11:20:00",23738,13.85,3133.277,2719.435,2885.606,1347.388
"2012-11-12 11:30:00",23739,13.94,3132.669,2719.435,2885.606,1346.105
"2012-11-12 11:40:00",23740,13.62,3132.669,2719.3,2885.539,1346.038
"2012-11-12 11:50:00",23741,13.69,3132.129,2719.03,2885.606,1346.038
"2012-11-12 12:00:00",23742,13.65,3131.319,2719.165,2885.539,1346.038
"2012-11-12 12:10:00",23743,13.84,3131.319,2719.435,2885.539,1345.903
"2012-11-12 12:20:00",23744,13.8,3130.914,2719.367,2885.539,1344.687
"2012-11-12 12:30:00",23745,13.81,3130.036,2719.435,2885.539,1344.687
"2012-11-12 12:40:00",23746,13.75,3129.968,2719.367,2884.458,1344.282
"2012-11-12 12:50:00",23747,13.76,3128.618,2719.367,2884.188,1343.742
"2012-11-12 13:00:00",23748,13.76,3128.618,2718.49,2884.188,1343.337
"2012-11-12 13:10:00",23749,13.84,3128.55,2718.152,2883.986,1343.337
"2012-11-12 13:20:00",23750,13.81,3128.405,2718.143,2883.233,1343.332
"2012-11-12 13:30:00",23751,13.66,3127.481,2718.534,2882.599,1343.023
"2012-11-12 13:40:00",23752,13.75,3126.491,2718.625,2882.122,1341.653
"2012-11-12 13:50:00",23753,13.76,3126.296,2718.59,2881.943,1341.57
"2012-11-12 14:00:00",23754,13.74,3125.968,2718.472,2881.888,1341.545
"2012-11-12 14:10:00",23755,13.8,3124.937,2717.916,2881.804,1341.537
"2012-11-12 14:20:00",23756,13.73,3124.864,2717.371,2881.731,1341.534
"2012-11-12 14:30:00",23757,13.74,3124.862,2717.167,2881.528,1341.534
"2012-11-12 14:40:00",23758,13.46,3124.862,2717.167,2880.515,1341.534
"2012-11-12 14:50:00",23759,13.65,3124.659,2717.167,2880.515,1341.534
"2012-11-12 15:00:00",23760,13.57,3123.512,2717.167,2879.975,1341.534
"2012-11-12 15:10:00",23761,13.46,3123.512,2717.167,2879.637,1341.534
"2012-11-12 15:20:00",23762,13.5,3122.934,2717.193,2879.192,1341.546
"2012-11-12 15:30:00",23763,13.46,3122.311,2717.297,2879.302,1341.598
"2012-11-12 15:40:00",23764,13.58,3122.488,2717.315,2879.465,1341.674
"2012-11-12 15:50:00",23765,13.35,3122.614,2717.29,2879.582,1341.728
"2012-11-12 16:00:00",23766,13.4,3121.948,2717.424,2879.45,1340.411
"2012-11-12 16:10:00",23767,13.3,3121.423,2717.362,2878.918,1340.446
"2012-11-12 16:20:00",23768,13.28,3121.599,2717.785,2878.541,1340.522
"2012-11-12 16:30:00",23769,13.27,3121.759,2717.721,2878.688,1340.59
"2012-11-12 16:40:00",23770,13.14,3121.833,2718.056,2878.757,1340.69
"2012-11-12 16:50:00",23771,13.06,3121.855,2718.075,2878.777,1340.699
"2012-11-12 17:00:00",23772,12.99,3121.862,2718.081,2878.783,1341.917
"2012-11-12 17:10:00",23773,12.97,3121.864,2718.083,2878.785,1341.985
"2012-11-12 17:20:00",23774,12.96,3121.864,2718.083,2879.19,1341.985
"2012-11-12 17:30:00",23775,12.94,3121.864,2718.083,2880.135,1341.985
"2012-11-12 17:40:00",23776,12.93,3122.606,2718.083,2880.203,1341.985
"2012-11-12 17:50:00",23777,12.93,3123.214,2718.623,2881.486,1342.526
"2012-11-12 18:00:00",23778,12.91,3123.214,2719.433,2881.486,1343.336
"2012-11-12 18:10:00",23779,12.88,3123.214,2719.433,2881.486,1343.336
"2012-11-12 18:20:00",23780,12.86,3123.547,2719.488,2881.611,1343.363
"2012-11-12 18:30:00",23781,12.84,3124.648,2719.979,2882.846,1343.372
"2012-11-12 18:40:00",23782,12.82,3124.712,2720.912,2882.905,1343.399
"2012-11-12 18:50:00",23783,12.81,3125.072,2721.225,2883.304,1343.554
"2012-11-12 19:00:00",23784,12.81,3125.6,2721.45,2883.542,1343.665
"2012-11-12 19:10:00",23785,12.81,3126.801,2721.554,2883.855,1343.716
"2012-11-12 19:20:00",23786,12.8,3126.907,2721.647,2884.832,1343.762
"2012-11-12 19:30:00",23787,12.8,3126.952,2721.686,2885.144,1343.849
"2012-11-12 19:40:00",23788,12.79,3126.966,2721.698,2885.156,1344.058
"2012-11-12 19:50:00",23789,12.79,3126.97,2721.702,2885.16,1344.059
"2012-11-12 20:00:00",23790,12.79,3126.971,2721.703,2885.161,1345.005
"2012-11-12 20:10:00",23791,12.79,3127.174,2721.703,2885.161,1345.141
"2012-11-12 20:20:00",23792,12.78,3127.174,2721.703,2886.309,1345.141
"2012-11-12 20:30:00",23793,12.78,3127.388,2721.831,2886.58,1345.204
"2012-11-12 20:40:00",23794,12.78,3128.839,2722.211,2887.051,1345.392
"2012-11-12 20:50:00",23795,12.78,3129.234,2722.496,2887.354,1345.533
"2012-11-12 21:00:00",23796,12.77,3129.537,2722.583,2887.851,1345.575
"2012-11-12 21:10:00",23797,12.77,3130.446,2722.61,2888.758,1345.589
"2012-11-12 21:20:00",23798,12.77,3130.726,2722.618,2888.834,1345.593
"2012-11-12 21:30:00",23799,12.77,3130.728,2722.62,2888.836,1345.594
"2012-11-12 21:40:00",23800,12.77,3130.729,2722.621,2888.837,1345.594
"2012-11-12 21:50:00",23801,12.76,3130.729,2722.621,2889.986,1345.594
"2012-11-12 22:00:00",23802,12.76,3130.729,2722.621,2890.188,1345.594
"2012-11-12 22:10:00",23803,12.76,3131.54,2722.688,2890.188,1345.865
"2012-11-12 22:20:00",23804,12.76,3132.08,2722.688,2890.188,1346.743
"2012-11-12 22:30:00",23805,12.75,3132.08,2722.958,2890.188,1346.675
"2012-11-12 22:40:00",23806,12.75,3132.08,2723.094,2890.188,1346.878
"2012-11-12 22:50:00",23807,12.75,3132.08,2723.094,2890.256,1346.878
"2012-11-12 23:00:00",23808,12.75,3132.08,2722.891,2890.459,1346.878
"2012-11-12 23:10:00",23809,12.74,3132.283,2722.823,2890.391,1346.675
"2012-11-12 23:20:00",23810,12.74,3133.364,2723.026,2890.999,1346.946
"2012-11-12 23:30:00",23811,12.74,3133.432,2722.756,2891.54,1346.878
"2012-11-12 23:40:00",23812,12.74,3133.432,2722.958,2891.54,1346.946
"2012-11-12 23:50:00",23813,12.73,3133.432,2722.688,2891.54,1346.946
"2012-11-13 00:00:00",23814,12.73,3133.432,2722.823,2891.54,1346.946
"2012-11-13 00:10:00",23815,12.73,3133.432,2723.499,2892.013,1346.946
"2012-11-13 00:20:00",23816,12.73,3133.432,2723.837,2892.823,1346.946
"2012-11-13 00:30:00",23817,12.73,3133.432,2723.972,2892.891,1346.946
"2012-11-13 00:40:00",23818,12.72,3133.432,2723.972,2892.891,1346.946
"2012-11-13 00:50:00",23819,12.72,3133.837,2723.972,2892.891,1346.946
"2012-11-13 01:00:00",23820,12.72,3133.634,2723.972,2892.891,1346.946
"2012-11-13 01:10:00",23821,12.72,3133.634,2723.972,2892.891,1346.946
"2012-11-13 01:20:00",23822,12.71,3133.634,2724.107,2892.958,1346.946
"2012-11-13 01:30:00",23823,12.71,3134.648,2725.256,2894.04,1346.946
"2012-11-13 01:40:00",23824,12.71,3134.783,2725.324,2894.242,1346.946
"2012-11-13 01:50:00",23825,12.71,3135.188,2725.324,2894.31,1347.081
"2012-11-13 02:00:00",23826,12.7,3136.134,2725.324,2895.188,1348.297
"2012-11-13 02:10:00",23827,12.7,3136.134,2725.324,2895.526,1348.297
"2012-11-13 02:20:00",23828,12.7,3136.134,2725.324,2895.594,1348.297
"2012-11-13 02:30:00",23829,12.7,3136.134,2725.324,2895.594,1348.297
"2012-11-13 02:40:00",23830,12.69,3136.134,2725.324,2895.594,1348.297
"2012-11-13 02:50:00",23831,12.69,3136.134,2725.324,2895.594,1348.297
"2012-11-13 03:00:00",23832,12.69,3136.134,2725.324,2895.594,1348.297
"2012-11-13 03:10:00",23833,12.68,3136.134,2725.324,2895.594,1348.297
"2012-11-13 03:20:00",23834,12.68,3136.134,2725.324,2895.594,1348.297
"2012-11-13 03:30:00",23835,12.68,3136.134,2725.324,2895.594,1348.297
"2012-11-13 03:40:00",23836,12.67,3136.134,2725.324,2895.594,1348.297
"2012-11-13 03:50:00",23837,12.67,3136.134,2725.324,2895.594,1348.297
"2012-11-13 04:00:00",23838,12.67,3136.134,2725.324,2895.594,1348.297
"2012-11-13 04:10:00",23839,12.66,3136.134,2725.324,2895.594,1348.297
"2012-11-13 04:20:00",23840,12.66,3136.134,2725.324,2895.594,1348.297
"2012-11-13 04:30:00",23841,12.66,3136.134,2725.324,2895.594,1348.297
"2012-11-13 04:40:00",23842,12.65,3136.134,2725.324,2895.594,1348.297
"2012-11-13 04:50:00",23843,12.64,3136.134,2725.324,2895.459,1348.297
"2012-11-13 05:00:00",23844,12.64,3136.134,2725.324,2895.324,1348.027
"2012-11-13 05:10:00",23845,12.64,3136.134,2725.324,2895.121,1347.621
"2012-11-13 05:20:00",23846,12.65,3136.134,2725.324,2895.391,1347.148
"2012-11-13 05:30:00",23847,12.66,3136.134,2725.324,2895.594,1347.013
"2012-11-13 05:40:00",23848,12.67,3136.134,2725.324,2895.459,1346.946
"2012-11-13 05:50:00",23849,12.68,3136.134,2725.324,2895.526,1346.946
"2012-11-13 06:00:00",23850,12.7,3136.134,2725.324,2894.918,1346.946
"2012-11-13 06:10:00",23851,12.73,3136.134,2725.324,2894.445,1346.946
"2012-11-13 06:20:00",23852,12.82,3136.134,2725.324,2894.445,1346.946
"2012-11-13 06:30:00",23853,12.92,3136.134,2725.324,2894.31,1346.946
"2012-11-13 06:40:00",23854,12.97,3136.134,2725.324,2894.242,1347.013
"2012-11-13 06:50:00",23855,12.98,3136.134,2725.324,2894.242,1347.283
"2012-11-13 07:00:00",23856,13,3136.134,2725.324,2894.242,1347.621
"2012-11-13 07:10:00",23857,13.02,3136.134,2725.324,2894.242,1347.351
"2012-11-13 07:20:00",23858,12.99,3136.134,2725.324,2894.242,1348.297
"2012-11-13 07:30:00",23859,12.96,3136.134,2725.324,2894.242,1348.297
"2012-11-13 07:40:00",23860,12.95,3136.134,2725.324,2893.972,1348.297
"2012-11-13 07:50:00",23861,12.96,3136.134,2725.324,2892.891,1348.297
"2012-11-13 08:00:00",23862,12.97,3135.734,2724.975,2892.521,1348.125
"2012-11-13 08:10:00",23863,12.97,3135.295,2724.594,2892.117,1347.936
"2012-11-13 08:20:00",23864,12.98,3135.142,2724.461,2891.705,1347.127
"2012-11-13 08:30:00",23865,13,3135.097,2724.625,2890.786,1347.716
"2012-11-13 08:40:00",23866,13.03,3135.015,2724.41,2890.571,1347.845
"2012-11-13 08:50:00",23867,13.08,3134.179,2724.388,2890.547,1347.834
"2012-11-13 09:00:00",23868,13.37,3134.007,2723.886,2890.014,1347.586
"2012-11-13 09:10:00",23869,13.7,3134.027,2723.61,2889.722,1347.449
"2012-11-13 09:20:00",23870,13.79,3133.387,2723.523,2889.494,1347.406
"2012-11-13 09:30:00",23871,13.75,3132.681,2722.686,2888.791,1346.853
"2012-11-13 09:40:00",23872,13.68,3132.672,2721.328,2889.12,1346.039
"2012-11-13 09:50:00",23873,13.74,3132.602,2720.853,2888.915,1346.038
"2012-11-13 10:00:00",23874,13.8,3131.724,2721.393,2888.307,1346.038
"2012-11-13 10:10:00",23875,13.79,3131.319,2721.258,2888.24,1346.038
"2012-11-13 10:20:00",23876,13.72,3131.319,2720.785,2888.24,1345.633
"2012-11-13 10:30:00",23877,13.85,3131.319,2720.785,2888.172,1344.957
"2012-11-13 10:40:00",23878,13.87,3131.319,2720.785,2888.24,1345.228
"2012-11-13 10:50:00",23879,13.85,3130.846,2720.785,2887.294,1345.025
"2012-11-13 11:00:00",23880,13.74,3130.104,2720.785,2886.822,1345.295
"2012-11-13 11:10:00",23881,13.76,3129.968,2720.718,2886.282,1345.363
"2012-11-13 11:20:00",23882,13.69,3129.968,2720.785,2885.809,1345.025
"2012-11-13 11:30:00",23883,13.87,3129.968,2720.38,2885.539,1344.687
"2012-11-13 11:40:00",23884,13.74,3129.361,2720.177,2885.539,1344.62
"2012-11-13 11:50:00",23885,13.85,3128.685,2720.515,2885.539,1344.012
"2012-11-13 12:00:00",23886,13.84,3128.685,2720.785,2885.539,1343.674
"2012-11-13 12:10:00",23887,13.77,3128.618,2720.785,2885.539,1343.539
"2012-11-13 12:20:00",23888,13.8,3128.618,2720.313,2885.539,1343.337
"2012-11-13 12:30:00",23889,13.62,3128.618,2720.38,2885.539,1343.337
"2012-11-13 12:40:00",23890,13.77,3128.618,2720.245,2885.539,1343.337
"2012-11-13 12:50:00",23891,13.75,3128.618,2720.448,2884.323,1343.337
"2012-11-13 13:00:00",23892,13.84,3128.55,2720.042,2883.378,1343.337
"2012-11-13 13:10:00",23893,13.77,3128.483,2719.502,2883.716,1343.337
"2012-11-13 13:20:00",23894,13.69,3128.28,2720.245,2884.729,1343.337
"2012-11-13 13:30:00",23895,13.68,3128.55,2719.907,2883.446,1343.337
"2012-11-13 13:40:00",23896,13.75,3127.673,2719.57,2883.108,1343.202
"2012-11-13 13:50:00",23897,13.76,3127.605,2720.38,2883.446,1342.189
"2012-11-13 14:00:00",23898,13.75,3127.268,2719.907,2882.838,1341.986
"2012-11-13 14:10:00",23899,13.8,3127.335,2719.975,2883.243,1341.986
"2012-11-13 14:20:00",23900,13.53,3127.268,2720.313,2883.041,1342.121
"2012-11-13 14:30:00",23901,13.8,3127.268,2719.907,2882.77,1341.986
"2012-11-13 14:40:00",23902,13.7,3127.268,2719.975,2882.838,1342.324
"2012-11-13 14:50:00",23903,13.56,3127.268,2720.313,2882.028,1341.986
"2012-11-13 15:00:00",23904,13.7,3127.278,2720.187,2881.632,1341.991
"2012-11-13 15:10:00",23905,13.42,3127.33,2720.704,2882.895,1343.161
"2012-11-13 15:20:00",23906,13.4,3127.406,2720.906,2882.426,1342.586
"2012-11-13 15:30:00",23907,13.27,3127.508,2721.288,2882.02,1342.234
"2012-11-13 15:40:00",23908,13.36,3127.712,2721.524,2882.27,1342.351
"2012-11-13 15:50:00",23909,13.05,3127.788,2721.649,2882.403,1342.412
"2012-11-13 16:00:00",23910,13.42,3127.224,2721.687,2882.443,1342.431
"2012-11-13 16:10:00",23911,13,3127.641,2721.698,2882.86,1342.437
"2012-11-13 16:20:00",23912,13.34,3127.578,2721.702,2883.809,1342.438
"2012-11-13 16:30:00",23913,13.04,3128.187,2721.838,2883.81,1342.574
"2012-11-13 16:40:00",23914,13.08,3128.322,2722.108,2883.877,1342.912
"2012-11-13 16:50:00",23915,12.96,3128.322,2721.905,2884.756,1342.979
"2012-11-13 17:00:00",23916,12.99,3128.322,2723.053,2885.161,1342.776
"2012-11-13 17:10:00",23917,12.91,3128.393,2723.115,2885.294,1343.145
"2012-11-13 17:20:00",23918,12.92,3128.499,2723.148,2886.41,1343.229
"2012-11-13 17:30:00",23919,12.89,3129.04,2723.266,2886.67,1343.827
"2012-11-13 17:40:00",23920,12.89,3129.831,2723.543,2887.031,1343.964
"2012-11-13 17:50:00",23921,12.88,3130.504,2723.777,2887.278,1344.146
"2012-11-13 18:00:00",23922,12.86,3130.634,2723.89,2887.398,1344.202
"2012-11-13 18:10:00",23923,12.84,3130.701,2724.421,2887.46,1344.231
"2012-11-13 18:20:00",23924,12.82,3130.721,2725.249,2887.681,1344.24
"2012-11-13 18:30:00",23925,12.81,3130.727,2725.322,2888.835,1344.242
"2012-11-13 18:40:00",23926,12.81,3130.864,2725.256,2888.837,1344.243
"2012-11-13 18:50:00",23927,12.8,3132.08,2725.324,2888.837,1344.243
"2012-11-13 19:00:00",23928,12.8,3132.08,2725.324,2888.837,1344.243
"2012-11-13 19:10:00",23929,12.8,3132.08,2725.324,2890.053,1344.243
"2012-11-13 19:20:00",23930,12.79,3132.08,2725.324,2890.188,1344.31
"2012-11-13 19:30:00",23931,12.79,3132.215,2725.324,2890.188,1344.31
"2012-11-13 19:40:00",23932,12.79,3133.432,2725.324,2890.188,1345.459
"2012-11-13 19:50:00",23933,12.79,3133.432,2725.324,2890.188,1345.594
"2012-11-13 20:00:00",23934,12.79,3133.432,2725.324,2890.594,1345.594
"2012-11-13 20:10:00",23935,12.78,3133.432,2725.324,2890.458,1345.594
"2012-11-13 20:20:00",23936,12.78,3133.432,2725.526,2891.472,1345.594
"2012-11-13 20:30:00",23937,12.78,3133.567,2725.864,2891.54,1345.594
"2012-11-13 20:40:00",23938,12.77,3133.769,2726.607,2891.945,1345.594
"2012-11-13 20:50:00",23939,12.77,3134.513,2726.675,2892.621,1345.594
"2012-11-13 21:00:00",23940,12.77,3134.783,2726.675,2892.891,1345.594
"2012-11-13 21:10:00",23941,12.77,3134.783,2726.675,2892.891,1346.338
"2012-11-13 21:20:00",23942,12.76,3134.783,2726.675,2892.891,1346.878
"2012-11-13 21:30:00",23943,12.76,3135.864,2726.675,2892.891,1346.946
"2012-11-13 21:40:00",23944,12.76,3136.134,2726.675,2894.107,1346.946
"2012-11-13 21:50:00",23945,12.76,3136.134,2726.878,2894.242,1346.946
"2012-11-13 22:00:00",23946,12.76,3136.134,2727.148,2894.242,1346.946
"2012-11-13 22:10:00",23947,12.75,3136.134,2727.959,2894.242,1346.946
"2012-11-13 22:20:00",23948,12.75,3136.134,2727.756,2894.715,1346.946
"2012-11-13 22:30:00",23949,12.75,3136.405,2727.891,2895.256,1346.946
"2012-11-13 22:40:00",23950,12.75,3137.148,2728.026,2895.526,1346.946
"2012-11-13 22:50:00",23951,12.75,3137.486,2728.026,2895.594,1346.946
"2012-11-13 23:00:00",23952,12.74,3137.486,2728.026,2895.594,1346.946
"2012-11-13 23:10:00",23953,12.74,3137.486,2728.026,2895.594,1346.946
"2012-11-13 23:20:00",23954,12.74,3137.621,2728.026,2895.594,1346.946
"2012-11-13 23:30:00",23955,12.74,3138.364,2728.026,2895.594,1346.946
"2012-11-13 23:40:00",23956,12.74,3138.634,2728.026,2896.067,1346.946
"2012-11-13 23:50:00",23957,12.73,3138.634,2728.026,2895.932,1346.946
"2012-11-14 00:00:00",23958,12.73,3138.837,2728.026,2896.878,1346.946
"2012-11-14 00:10:00",23959,12.73,3138.837,2728.026,2896.945,1346.946
"2012-11-14 00:20:00",23960,12.73,3138.837,2728.229,2896.945,1346.946
"2012-11-14 00:30:00",23961,12.73,3138.837,2728.297,2896.945,1346.946
"2012-11-14 00:40:00",23962,12.72,3138.837,2728.297,2896.945,1346.946
"2012-11-14 00:50:00",23963,12.72,3138.837,2728.094,2897.148,1346.946
"2012-11-14 01:00:00",23964,12.72,3139.04,2728.297,2898.026,1346.946
"2012-11-14 01:10:00",23965,12.71,3139.242,2728.297,2898.296,1346.946
"2012-11-14 01:20:00",23966,12.71,3139.242,2728.702,2898.296,1347.013
"2012-11-14 01:30:00",23967,12.71,3139.377,2729.107,2898.296,1347.419
"2012-11-14 01:40:00",23968,12.71,3139.986,2729.377,2898.296,1348.162
"2012-11-14 01:50:00",23969,12.7,3140.188,2729.377,2898.296,1348.229
"2012-11-14 02:00:00",23970,12.7,3140.188,2729.377,2898.296,1348.297
"2012-11-14 02:10:00",23971,12.7,3140.188,2729.377,2898.296,1348.297
"2012-11-14 02:20:00",23972,12.7,3140.188,2729.377,2898.296,1348.297
"2012-11-14 02:30:00",23973,12.69,3140.526,2729.377,2898.296,1348.297
"2012-11-14 02:40:00",23974,12.69,3141.134,2729.377,2898.364,1348.297
"2012-11-14 02:50:00",23975,12.69,3141.472,2729.377,2899.107,1348.297
"2012-11-14 03:00:00",23976,12.68,3141.54,2729.377,2899.648,1348.297
"2012-11-14 03:10:00",23977,12.68,3141.54,2729.58,2899.648,1348.297
"2012-11-14 03:20:00",23978,12.68,3141.54,2729.918,2899.648,1348.297
"2012-11-14 03:30:00",23979,12.67,3141.54,2730.526,2899.648,1348.297
"2012-11-14 03:40:00",23980,12.67,3141.54,2730.661,2899.648,1348.297
"2012-11-14 03:50:00",23981,12.67,3141.54,2730.526,2899.648,1348.297
"2012-11-14 04:00:00",23982,12.66,3141.54,2730.729,2899.918,1348.297
"2012-11-14 04:10:00",23983,12.66,3141.54,2730.729,2900.932,1348.297
"2012-11-14 04:20:00",23984,12.66,3141.54,2730.729,2900.864,1348.297
"2012-11-14 04:30:00",23985,12.65,3141.54,2730.729,2900.796,1348.297
"2012-11-14 04:40:00",23986,12.64,3141.54,2730.729,2900.999,1348.297
"2012-11-14 04:50:00",23987,12.64,3141.54,2730.729,2900.999,1348.297
"2012-11-14 05:00:00",23988,12.64,3141.945,2730.729,2900.999,1348.297
"2012-11-14 05:10:00",23989,12.63,3142.486,2730.729,2900.999,1348.297
"2012-11-14 05:20:00",23990,12.63,3142.891,2730.729,2900.999,1348.297
"2012-11-14 05:30:00",23991,12.63,3142.891,2730.729,2900.999,1348.297
"2012-11-14 05:40:00",23992,12.63,3142.891,2730.729,2900.999,1348.297
"2012-11-14 05:50:00",23993,12.64,3142.891,2730.729,2900.999,1348.297
"2012-11-14 06:00:00",23994,12.66,3142.891,2730.729,2901.202,1348.297
"2012-11-14 06:10:00",23995,12.66,3142.891,2730.729,2901.134,1348.297
"2012-11-14 06:20:00",23996,12.69,3143.094,2730.932,2901.81,1349.175
"2012-11-14 06:30:00",23997,12.67,3144.107,2732.08,2902.351,1349.648
"2012-11-14 06:40:00",23998,12.7,3144.242,2732.08,2902.351,1349.648
"2012-11-14 06:50:00",23999,12.67,3144.242,2732.08,2902.351,1349.648
"2012-11-14 07:00:00",24000,12.66,3144.242,2732.08,2905.053,1349.648
"2012-11-14 07:10:00",24001,12.65,3144.242,2732.08,2908.702,1349.648
"2012-11-14 07:20:00",24002,12.65,3144.242,2732.08,2910.526,1349.648
"2012-11-14 07:30:00",24003,12.65,3144.242,2732.08,2911.81,1349.648
"2012-11-14 07:40:00",24004,12.69,3144.242,2732.08,2912.215,1349.648
"2012-11-14 07:50:00",24005,12.79,3144.242,2732.891,2913.161,1349.648
"2012-11-14 08:00:00",24006,12.77,3144.242,2733.432,2913.905,1349.648
"2012-11-14 08:10:00",24007,12.82,3144.85,2733.432,2914.513,1349.648
"2012-11-14 08:20:00",24008,12.89,3144.58,2733.432,2914.513,1349.648
"2012-11-14 08:30:00",24009,12.84,3145.188,2733.432,2914.513,1349.648
"2012-11-14 08:40:00",24010,12.82,3145.594,2733.432,2914.648,1349.648
"2012-11-14 08:50:00",24011,12.87,3145.594,2733.432,2915.526,1349.648
"2012-11-14 09:00:00",24012,12.89,3145.594,2733.702,2915.864,1349.648
"2012-11-14 09:10:00",24013,13.19,3145.594,2733.77,2915.864,1349.648
"2012-11-14 09:20:00",24014,13.17,3145.594,2734.783,2916.067,1349.783
"2012-11-14 09:30:00",24015,13.46,3145.594,2734.783,2916.878,1349.986
"2012-11-14 09:40:00",24016,13.48,3145.594,2735.121,2917.215,1351
"2012-11-14 09:50:00",24017,13.36,3145.864,2735.999,2917.215,1351
"2012-11-14 10:00:00",24018,13.23,3146.607,2736.134,2917.215,1351
"2012-11-14 10:10:00",24019,13.5,3146.877,2736.134,2917.215,1351
"2012-11-14 10:20:00",24020,13.39,3146.924,2736.048,2917.196,1350.99
"2012-11-14 10:30:00",24021,13.84,3146.554,2735.853,2916.983,1350.861
"2012-11-14 10:40:00",24022,13.23,3146.42,2735.678,2916.729,1350.774
"2012-11-14 10:50:00",24023,13.34,3146.171,2735.461,2916.498,1350.059
"2012-11-14 11:00:00",24024,13.65,3145.937,2735.317,2916.344,1349.65
"2012-11-14 11:10:00",24025,13.57,3145.785,2735.243,2916.265,1350.56
"2012-11-14 11:20:00",24026,13.11,3145.895,2735.221,2916.242,1350.144
"2012-11-14 11:30:00",24027,13.17,3145.887,2735.08,2916.235,1349.397
"2012-11-14 11:40:00",24028,13.87,3145.75,2734.538,2915.76,1349.194
"2012-11-14 11:50:00",24029,13.55,3145.615,2734.875,2914.949,1349.194
"2012-11-14 12:00:00",24030,13.61,3144.872,2735.145,2914.274,1349.194
"2012-11-14 12:10:00",24031,13.47,3144.737,2735.078,2913.531,1349.194
"2012-11-14 12:20:00",24032,13.67,3144.601,2734.604,2913.396,1349.194
"2012-11-14 12:30:00",24033,13.79,3144.601,2733.862,2912.653,1349.194
"2012-11-14 12:40:00",24034,13.21,3144.534,2733.862,2912.045,1349.194
"2012-11-14 12:50:00",24035,13.08,3144.534,2733.862,2910.896,1349.194
"2012-11-14 13:00:00",24036,13.18,3144.534,2733.659,2910.829,1349.194
"2012-11-14 13:10:00",24037,13.07,3144.534,2732.916,2910.829,1349.194
"2012-11-14 13:20:00",24038,13.02,3144.534,2732.916,2910.829,1349.194
"2012-11-14 13:30:00",24039,13.12,3144.534,2732.916,2910.829,1348.856
"2012-11-14 13:40:00",24040,13.03,3144.534,2732.646,2910.829,1348.518
"2012-11-14 13:50:00",24041,13.07,3144.652,2732.613,2910.668,1348.771
"2012-11-14 14:00:00",24042,13.06,3144.749,2732.698,2910.217,1348.205
"2012-11-14 14:10:00",24043,13.05,3145.014,2732.928,2909.99,1348.521
"2012-11-14 14:20:00",24044,13.1,3145.191,2733.082,2910.086,1348.26
"2012-11-14 14:30:00",24045,13.12,3145.384,2733.25,2910.265,1348.342
"2012-11-14 14:40:00",24046,13.09,3145.532,2733.378,2910.402,1348.676
"2012-11-14 14:50:00",24047,13.01,3145.305,2733.416,2910.442,1348.762
"2012-11-14 15:00:00",24048,12.93,3145.318,2733.427,2910.454,1348.768
"2012-11-14 15:10:00",24049,12.9,3145.322,2733.498,2910.458,1348.905
"2012-11-14 15:20:00",24050,12.95,3145.391,2733.432,2910.458,1349.175
"2012-11-14 15:30:00",24051,12.95,3145.323,2733.5,2910.458,1349.446
"2012-11-14 15:40:00",24052,12.96,3145.594,2733.567,2910.458,1349.513
"2012-11-14 15:50:00",24053,12.91,3145.594,2733.77,2910.458,1349.648
"2012-11-14 16:00:00",24054,12.89,3145.594,2733.702,2910.458,1349.648
"2012-11-14 16:10:00",24055,12.85,3145.594,2733.567,2910.458,1349.648
"2012-11-14 16:20:00",24056,12.82,3145.594,2733.634,2910.458,1349.648
"2012-11-14 16:30:00",24057,12.81,3145.594,2733.77,2910.458,1349.648
"2012-11-14 16:40:00",24058,12.82,3145.594,2733.905,2910.458,1349.648
"2012-11-14 16:50:00",24059,12.81,3145.594,2733.837,2910.458,1349.648
"2012-11-14 17:00:00",24060,12.8,3145.594,2733.5,2910.458,1349.648
"2012-11-14 17:10:00",24061,12.79,3145.594,2733.567,2910.458,1349.648
"2012-11-14 17:20:00",24062,12.78,3145.594,2733.702,2910.458,1349.648
"2012-11-14 17:30:00",24063,12.77,3145.594,2734.04,2910.458,1349.648
"2012-11-14 17:40:00",24064,12.76,3145.594,2733.837,2910.458,1349.648
"2012-11-14 17:50:00",24065,12.75,3145.594,2734.04,2910.458,1349.648
"2012-11-14 18:00:00",24066,12.75,3145.594,2733.77,2910.594,1349.648
"2012-11-14 18:10:00",24067,12.74,3145.594,2734.783,2911.27,1349.648
"2012-11-14 18:20:00",24068,12.74,3145.594,2734.783,2911.067,1349.648
"2012-11-14 18:30:00",24069,12.73,3145.594,2734.716,2911.405,1349.648
"2012-11-14 18:40:00",24070,12.73,3145.594,2734.513,2911.607,1349.648
"2012-11-14 18:50:00",24071,12.72,3145.594,2734.581,2911.742,1349.648
"2012-11-14 19:00:00",24072,12.72,3145.594,2734.581,2911.81,1349.648
"2012-11-14 19:10:00",24073,12.71,3145.594,2734.581,2911.81,1349.648
"2012-11-14 19:20:00",24074,12.71,3145.594,2734.378,2911.81,1349.648
"2012-11-14 19:30:00",24075,12.7,3145.594,2734.716,2911.81,1349.648
"2012-11-14 19:40:00",24076,12.69,3145.594,2734.513,2911.81,1349.648
"2012-11-14 19:50:00",24077,12.68,3145.594,2734.783,2911.81,1349.648
"2012-11-14 20:00:00",24078,12.67,3145.594,2734.581,2911.81,1349.648
"2012-11-14 20:10:00",24079,12.67,3145.594,2734.581,2911.81,1349.648
"2012-11-14 20:20:00",24080,12.66,3145.594,2734.783,2911.81,1349.648
"2012-11-14 20:30:00",24081,12.65,3145.594,2734.783,2911.81,1349.648
"2012-11-14 20:40:00",24082,12.64,3145.594,2734.783,2911.81,1349.648
"2012-11-14 20:50:00",24083,12.63,3145.594,2734.783,2911.81,1349.648
"2012-11-14 21:00:00",24084,12.63,3145.931,2734.783,2911.81,1349.648
"2012-11-14 21:10:00",24085,12.62,3146.134,2734.783,2911.81,1349.648
"2012-11-14 21:20:00",24086,12.62,3146.81,2734.783,2911.81,1349.648
"2012-11-14 21:30:00",24087,12.61,3146.877,2734.783,2911.81,1349.648
"2012-11-14 21:40:00",24088,12.61,3146.877,2734.783,2911.81,1349.648
"2012-11-14 21:50:00",24089,12.6,3146.945,2734.783,2911.81,1349.648
"2012-11-14 22:00:00",24090,12.6,3146.877,2734.783,2911.81,1349.648
"2012-11-14 22:10:00",24091,12.6,3146.945,2734.783,2911.81,1349.648
"2012-11-14 22:20:00",24092,12.59,3146.945,2734.851,2912.351,1349.648
"2012-11-14 22:30:00",24093,12.59,3146.945,2734.918,2911.945,1349.648
"2012-11-14 22:40:00",24094,12.59,3146.945,2735.796,2911.945,1349.648
"2012-11-14 22:50:00",24095,12.59,3146.945,2735.999,2912.756,1349.648
"2012-11-14 23:00:00",24096,12.59,3146.945,2736.067,2913.161,1349.648
"2012-11-14 23:10:00",24097,12.59,3146.945,2736.067,2913.161,1349.648
"2012-11-14 23:20:00",24098,12.58,3146.945,2736.134,2913.161,1349.648
"2012-11-14 23:30:00",24099,12.58,3146.945,2736.134,2913.161,1349.648
"2012-11-14 23:40:00",24100,12.58,3146.945,2736.134,2913.161,1349.648
"2012-11-14 23:50:00",24101,12.58,3146.945,2736.134,2913.161,1349.648
"2012-11-15 00:00:00",24102,12.58,3146.945,2736.134,2913.161,1349.648
"2012-11-15 00:10:00",24103,12.58,3146.945,2736.27,2913.702,1349.648
"2012-11-15 00:20:00",24104,12.58,3146.945,2737.486,2914.513,1349.648
"2012-11-15 00:30:00",24105,12.58,3146.945,2737.486,2914.513,1349.648
"2012-11-15 00:40:00",24106,12.58,3146.945,2737.486,2914.513,1349.648
"2012-11-15 00:50:00",24107,12.58,3146.945,2737.959,2914.513,1349.648
"2012-11-15 01:00:00",24108,12.58,3146.945,2738.634,2914.513,1349.648
"2012-11-15 01:10:00",24109,12.57,3146.945,2738.161,2914.513,1349.648
"2012-11-15 01:20:00",24110,12.57,3146.945,2738.77,2914.513,1349.648
"2012-11-15 01:30:00",24111,12.57,3146.945,2738.837,2914.513,1349.648
"2012-11-15 01:40:00",24112,12.57,3146.945,2738.837,2914.513,1349.648
"2012-11-15 01:50:00",24113,12.57,3146.945,2738.837,2914.513,1349.648
"2012-11-15 02:00:00",24114,12.57,3148.026,2738.837,2914.513,1349.648
"2012-11-15 02:10:00",24115,12.57,3148.296,2738.837,2914.513,1349.648
"2012-11-15 02:20:00",24116,12.57,3148.296,2738.837,2914.513,1349.648
"2012-11-15 02:30:00",24117,12.57,3148.296,2738.837,2914.513,1349.648
"2012-11-15 02:40:00",24118,12.57,3148.296,2738.837,2914.513,1349.648
"2012-11-15 02:50:00",24119,12.57,3148.296,2739.175,2914.513,1349.648
"2012-11-15 03:00:00",24120,12.57,3148.296,2739.107,2914.513,1349.648
"2012-11-15 03:10:00",24121,12.57,3148.296,2739.175,2914.513,1349.648
"2012-11-15 03:20:00",24122,12.56,3148.296,2739.04,2914.513,1349.648
"2012-11-15 03:30:00",24123,12.56,3148.296,2738.905,2914.513,1349.648
"2012-11-15 03:40:00",24124,12.56,3148.296,2739.175,2914.715,1349.648
"2012-11-15 03:50:00",24125,12.56,3148.296,2739.648,2915.729,1349.648
"2012-11-15 04:00:00",24126,12.56,3148.296,2739.783,2915.797,1349.648
"2012-11-15 04:10:00",24127,12.56,3148.296,2740.121,2915.864,1349.716
"2012-11-15 04:20:00",24128,12.56,3148.296,2740.188,2915.864,1349.783
"2012-11-15 04:30:00",24129,12.56,3148.296,2740.188,2915.864,1349.783
"2012-11-15 04:40:00",24130,12.56,3148.296,2740.188,2915.864,1349.648
"2012-11-15 04:50:00",24131,12.56,3148.296,2740.188,2915.864,1349.716
"2012-11-15 05:00:00",24132,12.56,3148.296,2740.188,2915.864,1349.648
"2012-11-15 05:10:00",24133,12.56,3148.296,2740.188,2915.864,1349.919
"2012-11-15 05:20:00",24134,12.56,3148.296,2740.188,2915.864,1349.851
"2012-11-15 05:30:00",24135,12.56,3148.296,2740.188,2915.864,1349.716
"2012-11-15 05:40:00",24136,12.57,3148.296,2740.188,2915.864,1349.783
"2012-11-15 05:50:00",24137,12.58,3148.499,2740.188,2915.864,1349.919
"2012-11-15 06:00:00",24138,12.59,3148.702,2740.188,2915.864,1350.594
"2012-11-15 06:10:00",24139,12.62,3149.648,2740.188,2915.864,1351
"2012-11-15 06:20:00",24140,12.62,3149.648,2740.932,2915.864,1351
"2012-11-15 06:30:00",24141,12.63,3149.648,2741.54,2915.932,1351
"2012-11-15 06:40:00",24142,12.63,3149.648,2741.472,2916.337,1351
"2012-11-15 06:50:00",24143,12.62,3149.648,2741.54,2917.148,1351
"2012-11-15 07:00:00",24144,12.62,3149.648,2741.54,2917.215,1351
"2012-11-15 07:10:00",24145,12.6,3149.648,2741.54,2917.148,1351
"2012-11-15 07:20:00",24146,12.64,3149.648,2741.54,2917.215,1351
"2012-11-15 07:30:00",24147,12.68,3149.648,2741.54,2917.215,1351
"2012-11-15 07:40:00",24148,12.72,3149.648,2741.54,2917.215,1351
"2012-11-15 07:50:00",24149,12.79,3149.648,2741.54,2917.215,1351
"2012-11-15 08:00:00",24150,12.89,3149.648,2741.54,2917.215,1351
"2012-11-15 08:10:00",24151,12.91,3149.648,2741.54,2917.215,1351
"2012-11-15 08:20:00",24152,12.91,3149.648,2741.54,2917.215,1351
"2012-11-15 08:30:00",24153,13.03,3149.648,2741.54,2917.215,1351
"2012-11-15 08:40:00",24154,13.04,3149.524,2741.432,2917.1,1350.946
"2012-11-15 08:50:00",24155,13.16,3149.503,2741.414,2917.081,1350.937
"2012-11-15 09:00:00",24156,13.15,3149.105,2741.068,2916.713,1350.767
"2012-11-15 09:10:00",24157,13.58,3148.772,2740.778,2915.864,1350.624
"2012-11-15 09:20:00",24158,13.48,3148.678,2740.696,2914.967,1350.584
"2012-11-15 09:30:00",24159,13.54,3148.614,2740.64,2914.096,1350.556
"2012-11-15 09:40:00",24160,13.7,3148.594,2740.623,2913.538,1350.548
"2012-11-15 09:50:00",24161,13.44,3148.588,2740.618,2913.533,1350.545
"2012-11-15 10:00:00",24162,13.66,3148.587,2740.616,2912.991,1350.545
"2012-11-15 10:10:00",24163,13.9,3148.586,2740.616,2912.112,1350.545
