"TOA5","Kanga_Sap03F","CR1000","33602","CR1000.Std.19","CPU:UTS_SAP02_3F_Dendro24hrMinMaxHMP45.cr1","11683","DendroTenMinOutput"
"TIMESTAMP","RECORD","Batt_Volt_Avg","Dendro_Avg(1)","Dendro_Avg(2)","Dendro_Avg(3)","Dendro_Avg(4)"
"TS","RN","Volts","mV","mV","mV","mV"
"","","Avg","Avg","Avg","Avg","Avg"
"2012-08-29 11:50:00",12906,12.55,1940.947,1826.313,2058.971,3315.867
"2012-08-29 12:00:00",12907,12.51,1940.936,1826.507,2058.214,3315.17
"2012-08-29 12:10:00",12908,12.83,1940.913,1826.621,2057.715,3315.131
"2012-08-29 12:20:00",12909,13.54,1941.014,1826.513,2057.687,3315.304
"2012-08-29 12:30:00",12910,13.77,1941.094,1825.646,2057.627,3315.14
"2012-08-29 12:40:00",12911,13.72,1940.881,1825.912,2057.545,3314.534
"2012-08-29 12:50:00",12912,13.05,1940.808,1825.504,2057.467,3313.866
"2012-08-29 13:00:00",12913,12.97,1940.695,1825.399,2057.348,3313.402
"2012-08-29 13:10:00",12914,12.76,1940.657,1825.363,2057.308,3313.405
"2012-08-29 13:20:00",12915,12.71,1940.442,1825.352,2057.295,3313.453
"2012-08-29 13:30:00",12916,12.72,1938.336,1825.349,2057.292,3313.312
"2012-08-29 13:40:00",12917,13.03,1937.928,1825.28,2057.291,3313.31
"2012-08-29 13:50:00",12918,13.96,1937.928,1825.348,2057.291,3313.31
"2012-08-29 14:00:00",12919,14.52,1937.928,1825.348,2057.291,3313.445
"2012-08-29 14:10:00",12920,14.53,1937.928,1825.144,2057.291,3313.31
"2012-08-29 14:20:00",12921,14.04,1937.928,1824.941,2057.291,3313.31
"2012-08-29 14:30:00",12922,14.01,1937.928,1823.991,2057.291,3313.31
"2012-08-29 14:40:00",12923,12.81,1937.928,1823.991,2057.291,3313.31
"2012-08-29 14:50:00",12924,13.13,1937.928,1823.991,2057.291,3313.31
"2012-08-29 15:00:00",12925,13.52,1937.928,1824.127,2057.291,3313.31
"2012-08-29 15:10:00",12926,12.97,1937.928,1823.991,2057.291,3313.31
"2012-08-29 15:20:00",12927,12.96,1937.928,1823.991,2057.291,3313.31
"2012-08-29 15:30:00",12928,12.78,1937.928,1823.991,2057.223,3313.31
"2012-08-29 15:40:00",12929,12.73,1937.928,1823.991,2057.291,3313.31
"2012-08-29 15:50:00",12930,12.67,1937.928,1823.991,2057.291,3313.31
"2012-08-29 16:00:00",12931,12.63,1937.928,1823.991,2057.291,3313.31
"2012-08-29 16:10:00",12932,12.61,1937.928,1823.991,2057.291,3313.31
"2012-08-29 16:20:00",12933,12.58,1937.928,1823.991,2057.291,3313.31
"2012-08-29 16:30:00",12934,12.58,1937.928,1823.991,2057.291,3313.31
"2012-08-29 16:40:00",12935,12.55,1937.928,1823.991,2057.291,3313.31
"2012-08-29 16:50:00",12936,12.54,1937.928,1823.991,2057.291,3313.31
"2012-08-29 17:00:00",12937,12.53,1937.928,1823.991,2057.291,3313.31
"2012-08-29 17:10:00",12938,12.52,1937.928,1823.991,2057.291,3313.31
"2012-08-29 17:20:00",12939,12.51,1937.928,1823.991,2057.291,3313.31
"2012-08-29 17:30:00",12940,12.5,1937.928,1823.991,2057.291,3313.31
"2012-08-29 17:40:00",12941,12.5,1937.928,1823.991,2057.494,3313.31
"2012-08-29 17:50:00",12942,12.49,1937.928,1823.991,2058.308,3313.377
"2012-08-29 18:00:00",12943,12.49,1937.97,1824.031,2058.691,3314.127
"2012-08-29 18:10:00",12944,12.49,1938.313,1824.353,2059.055,3315.324
"2012-08-29 18:20:00",12945,12.48,1938.672,1824.691,2059.437,3315.938
"2012-08-29 18:30:00",12946,12.48,1939.056,1825.052,2059.845,3316.595
"2012-08-29 18:40:00",12947,12.48,1939.188,1825.177,2059.985,3316.822
"2012-08-29 18:50:00",12948,12.47,1939.226,1825.213,2060.026,3316.886
"2012-08-29 19:00:00",12949,12.47,1939.237,1825.223,2060.038,3316.837
"2012-08-29 19:10:00",12950,12.47,1939.241,1825.227,2060.042,3316.912
"2012-08-29 19:20:00",12951,12.46,1939.242,1825.228,2060.042,3316.914
"2012-08-29 19:30:00",12952,12.46,1939.281,1825.264,2060.084,3316.641
"2012-08-29 19:40:00",12953,12.46,1939.577,1825.543,2060.398,3317.147
"2012-08-29 19:50:00",12954,12.46,1939.845,1825.796,2060.684,3317.268
"2012-08-29 20:00:00",12955,12.45,1940.24,1826.167,2061.103,3317.466
"2012-08-29 20:10:00",12956,12.45,1940.463,1826.377,2061.34,3317.645
"2012-08-29 20:20:00",12957,12.45,1940.53,1826.44,2061.411,3317.827
"2012-08-29 20:30:00",12958,12.45,1940.55,1826.459,2061.432,3317.793
"2012-08-29 20:40:00",12959,12.44,1940.556,1826.464,2061.439,3317.804
"2012-08-29 20:50:00",12960,12.44,1940.558,1826.466,2061.441,3317.807
"2012-08-29 21:00:00",12961,12.44,1940.558,1826.467,2061.441,3317.808
"2012-08-29 21:10:00",12962,12.43,1940.558,1826.467,2061.441,3317.808
"2012-08-29 21:20:00",12963,12.43,1940.558,1826.467,2061.441,3317.808
"2012-08-29 21:30:00",12964,12.43,1940.558,1826.467,2061.441,3317.808
"2012-08-29 21:40:00",12965,12.43,1940.558,1826.467,2061.441,3318.011
"2012-08-29 21:50:00",12966,12.42,1940.558,1826.467,2061.441,3318.147
"2012-08-29 22:00:00",12967,12.42,1940.558,1826.467,2061.441,3318.826
"2012-08-29 22:10:00",12968,12.42,1940.558,1826.467,2061.441,3319.03
"2012-08-29 22:20:00",12969,12.41,1940.626,1826.67,2061.441,3319.166
"2012-08-29 22:30:00",12970,12.41,1941.034,1827.078,2061.441,3319.166
"2012-08-29 22:40:00",12971,12.4,1941.713,1827.621,2061.441,3319.166
"2012-08-29 22:50:00",12972,12.4,1941.917,1827.825,2061.441,3319.166
"2012-08-29 23:00:00",12973,12.4,1941.917,1827.825,2061.441,3319.166
"2012-08-29 23:10:00",12974,12.39,1941.917,1827.825,2061.577,3319.166
"2012-08-29 23:20:00",12975,12.39,1941.917,1827.825,2062.12,3319.166
"2012-08-29 23:30:00",12976,12.38,1941.917,1827.825,2062.528,3319.166
"2012-08-29 23:40:00",12977,12.38,1941.917,1827.825,2062.188,3319.166
"2012-08-29 23:50:00",12978,12.38,1941.917,1827.825,2062.46,3319.234
"2012-08-30 00:00:00",12979,12.37,1941.917,1827.825,2062.732,3319.913
"2012-08-30 00:10:00",12980,12.36,1941.917,1827.825,2062.799,3320.185
"2012-08-30 00:20:00",12981,12.36,1941.917,1827.825,2062.799,3320.456
"2012-08-30 00:30:00",12982,12.35,1941.917,1827.825,2062.799,3320.253
"2012-08-30 00:40:00",12983,12.35,1941.917,1827.825,2062.732,3320.524
"2012-08-30 00:50:00",12984,12.34,1941.917,1827.825,2062.732,3320.388
"2012-08-30 01:00:00",12985,12.34,1941.917,1827.825,2062.46,3320.388
"2012-08-30 01:10:00",12986,12.33,1941.917,1827.825,2062.188,3320.253
"2012-08-30 01:20:00",12987,12.33,1941.917,1827.825,2061.917,3320.185
"2012-08-30 01:30:00",12988,12.33,1941.917,1827.825,2061.917,3320.524
"2012-08-30 01:40:00",12989,12.32,1941.917,1827.825,2061.781,3320.32
"2012-08-30 01:50:00",12990,12.32,1941.917,1827.825,2061.713,3319.981
"2012-08-30 02:00:00",12991,12.32,1941.917,1827.825,2061.441,3320.32
"2012-08-30 02:10:00",12992,12.31,1941.917,1827.825,2061.645,3319.981
"2012-08-30 02:20:00",12993,12.31,1941.917,1827.825,2061.441,3319.777
"2012-08-30 02:30:00",12994,12.31,1941.917,1827.825,2061.441,3319.981
"2012-08-30 02:40:00",12995,12.31,1941.917,1827.825,2061.441,3320.524
"2012-08-30 02:50:00",12996,12.31,1941.917,1827.825,2061.441,3320.253
"2012-08-30 03:00:00",12997,12.31,1941.917,1827.825,2061.441,3320.253
"2012-08-30 03:10:00",12998,12.3,1941.917,1827.825,2061.441,3319.641
"2012-08-30 03:20:00",12999,12.3,1941.917,1827.825,2061.441,3319.166
"2012-08-30 03:30:00",13000,12.3,1941.781,1827.825,2061.441,3319.166
"2012-08-30 03:40:00",13001,12.3,1941.781,1827.825,2061.441,3319.234
"2012-08-30 03:50:00",13002,12.3,1941.917,1827.825,2061.441,3319.845
"2012-08-30 04:00:00",13003,12.3,1941.917,1827.825,2061.441,3320.32
"2012-08-30 04:10:00",13004,12.3,1941.917,1827.825,2061.441,3320.456
"2012-08-30 04:20:00",13005,12.3,1941.917,1827.825,2061.509,3320.524
"2012-08-30 04:30:00",13006,12.3,1941.917,1827.825,2061.441,3320.524
"2012-08-30 04:40:00",13007,12.3,1941.917,1827.825,2061.441,3320.524
"2012-08-30 04:50:00",13008,12.3,1941.917,1827.825,2061.441,3320.524
"2012-08-30 05:00:00",13009,12.3,1941.917,1827.825,2061.441,3320.524
"2012-08-30 05:10:00",13010,12.3,1941.849,1827.825,2061.441,3320.524
"2012-08-30 05:20:00",13011,12.29,1941.917,1827.825,2061.441,3320.524
"2012-08-30 05:30:00",13012,12.29,1940.898,1827.825,2061.441,3320.456
"2012-08-30 05:40:00",13013,12.29,1940.558,1827.825,2061.441,3320.388
"2012-08-30 05:50:00",13014,12.29,1940.558,1827.825,2061.441,3320.253
"2012-08-30 06:00:00",13015,12.29,1940.558,1827.825,2061.441,3319.641
"2012-08-30 06:10:00",13016,12.29,1940.558,1827.825,2061.441,3319.438
"2012-08-30 06:20:00",13017,12.29,1940.558,1827.825,2061.441,3319.302
"2012-08-30 06:30:00",13018,12.29,1940.558,1827.825,2061.441,3319.166
"2012-08-30 06:40:00",13019,12.29,1940.558,1827.825,2061.441,3319.166
"2012-08-30 06:50:00",13020,12.29,1940.673,1827.933,2061.563,3319.362
"2012-08-30 07:00:00",13021,12.29,1940.765,1828.019,2061.389,3319.519
"2012-08-30 07:10:00",13022,12.29,1940.854,1828.103,2061.008,3319.671
"2012-08-30 07:20:00",13023,12.29,1940.961,1828.204,2060.511,3319.855
"2012-08-30 07:30:00",13024,12.28,1940.963,1828.206,2060.513,3319.859
"2012-08-30 07:40:00",13025,12.28,1941.064,1828.301,2060.62,3320.031
"2012-08-30 07:50:00",13026,12.28,1940.991,1828.232,2060.542,3319.906
"2012-08-30 08:00:00",13027,12.29,1940.999,1828.24,2060.551,3319.92
"2012-08-30 08:10:00",13028,12.3,1940.902,1828.149,2060.516,3319.755
"2012-08-30 08:20:00",13029,12.3,1940.67,1827.93,2061.152,3319.357
"2012-08-30 08:30:00",13030,12.33,1940.729,1827.858,2061.478,3319.361
"2012-08-30 08:40:00",13031,12.38,1940.569,1827.835,2061.316,3319.184
"2012-08-30 08:50:00",13032,12.43,1940.562,1827.828,2060.562,3319.171
"2012-08-30 09:00:00",13033,12.43,1940.492,1827.826,2061.442,3319.168
"2012-08-30 09:10:00",13034,12.46,1940.343,1827.622,2060.533,3318.798
"2012-08-30 09:20:00",13035,12.53,1939.515,1827.161,2059.675,3317.961
"2012-08-30 09:30:00",13036,12.5,1939.103,1826.637,2059.033,3317.527
"2012-08-30 09:40:00",13037,12.53,1938.555,1826.506,2058.817,3317.559
"2012-08-30 09:50:00",13038,12.56,1937.767,1826.059,2058.705,3317.081
"2012-08-30 10:00:00",13039,12.63,1937.89,1825.369,2058.692,3317.195
"2012-08-30 10:10:00",13040,12.71,1937.751,1825.773,2058.552,3316.917
"2012-08-30 10:20:00",13041,12.72,1937.343,1825.365,2058.551,3316.916
"2012-08-30 10:30:00",13042,12.77,1937.818,1825.229,2058.347,3317.188
"2012-08-30 10:40:00",13043,12.67,1937.479,1825.093,2058.144,3317.052
"2012-08-30 10:50:00",13044,12.82,1936.529,1825.229,2057.94,3316.712
"2012-08-30 11:00:00",13045,12.84,1936.393,1825.229,2057.465,3316.237
"2012-08-30 11:10:00",13046,12.91,1936.325,1825.229,2057.533,3316.577
"2012-08-30 11:20:00",13047,12.98,1936.461,1825.093,2057.261,3315.83
"2012-08-30 11:30:00",13048,13.06,1936.325,1825.229,2056.922,3315.559
"2012-08-30 11:40:00",13049,13.17,1935.714,1824.957,2056.311,3315.287
"2012-08-30 11:50:00",13050,13.34,1935.756,1824.118,2056.08,3315.31
"2012-08-30 12:00:00",13051,13.57,1934.831,1823.619,2055.611,3314.57
"2012-08-30 12:10:00",13052,14.66,1934.216,1823.355,2055.254,3312.991
"2012-08-30 12:20:00",13053,14.25,1933.934,1822.946,2055.234,3312.537
"2012-08-30 12:30:00",13054,14.55,1933.055,1823.02,2054.622,3311.611
"2012-08-30 12:40:00",13055,14.56,1933.005,1822.37,2054.764,3311.225
"2012-08-30 12:50:00",13056,14.51,1931.553,1822.01,2054.189,3310.927
"2012-08-30 13:00:00",13057,14.6,1931.75,1821.525,2053.711,3310.286
"2012-08-30 13:10:00",13058,13.82,1931.265,1821.51,2053.297,3309.502
"2012-08-30 13:20:00",13059,14.57,1930.99,1821.364,2053.708,3309.728
"2012-08-30 13:30:00",13060,14.63,1931.433,1821.804,2053.543,3309.45
"2012-08-30 13:40:00",13061,14.56,1930.863,1821.24,2053.714,3308.881
"2012-08-30 13:50:00",13062,14.24,1931.542,1821.787,2053.642,3308.63
"2012-08-30 14:00:00",13063,14.59,1931.439,1821.682,2053.677,3308.618
"2012-08-30 14:10:00",13064,14.57,1931.358,1821.606,2054.201,3308.683
"2012-08-30 14:20:00",13065,13.7,1931.646,1821.282,2053.676,3308.372
"2012-08-30 14:30:00",13066,14.49,1931.636,1821.677,2053.671,3308.337
"2012-08-30 14:40:00",13067,14.64,1931.225,1821.672,2053.53,3308.464
"2012-08-30 14:50:00",13068,13.92,1931.183,1821.633,2053.756,3308.256
"2012-08-30 15:00:00",13069,12.91,1930.867,1821.519,2053.646,3307.958
"2012-08-30 15:10:00",13070,12.76,1930.844,1821.294,2054.164,3307.782
"2012-08-30 15:20:00",13071,12.78,1931.02,1821.46,2053.809,3307.677
"2012-08-30 15:30:00",13072,12.8,1931.289,1821.777,2054.302,3308.661
"2012-08-30 15:40:00",13073,12.72,1932.054,1822.119,2054.815,3308.683
"2012-08-30 15:50:00",13074,12.67,1932.28,1822.069,2055.25,3308.499
"2012-08-30 16:00:00",13075,12.65,1931.357,1821.619,2054.397,3308.274
"2012-08-30 16:10:00",13076,12.62,1931.909,1822.442,2054.746,3307.407
"2012-08-30 16:20:00",13077,12.6,1931.979,1822.037,2054.816,3307.14
"2012-08-30 16:30:00",13078,12.58,1931.166,1822.038,2054.749,3307.413
"2012-08-30 16:40:00",13079,12.56,1931.098,1821.631,2054.885,3307.277
"2012-08-30 16:50:00",13080,12.55,1931.098,1822.173,2054.817,3306.802
"2012-08-30 17:00:00",13081,12.54,1931.369,1821.766,2054.613,3306.87
"2012-08-30 17:10:00",13082,12.53,1931.301,1822.173,2054.613,3306.327
"2012-08-30 17:20:00",13083,12.53,1931.505,1822.106,2054.613,3306.123
"2012-08-30 17:30:00",13084,12.52,1932.259,1822.584,2054.694,3306.184
"2012-08-30 17:40:00",13085,12.52,1932.717,1822.888,2055.036,3307.143
"2012-08-30 17:50:00",13086,12.51,1932.939,1823.097,2056.29,3307.454
"2012-08-30 18:00:00",13087,12.51,1933.395,1823.399,2056.97,3308.478
"2012-08-30 18:10:00",13088,12.51,1934.062,1823.644,2057.246,3309.057
"2012-08-30 18:20:00",13089,12.5,1934.547,1823.717,2057.329,3309.259
"2012-08-30 18:30:00",13090,12.5,1934.844,1823.741,2057.356,3309.438
"2012-08-30 18:40:00",13091,12.5,1935.123,1823.748,2057.364,3309.654
"2012-08-30 18:50:00",13092,12.49,1935.125,1823.75,2057.366,3309.454
"2012-08-30 19:00:00",13093,12.49,1935.125,1823.75,2057.366,3309.522
"2012-08-30 19:10:00",13094,12.49,1935.125,1823.75,2057.366,3309.387
"2012-08-30 19:20:00",13095,12.49,1935.125,1823.75,2057.366,3309.658
"2012-08-30 19:30:00",13096,12.48,1935.057,1823.75,2057.366,3309.455
"2012-08-30 19:40:00",13097,12.48,1935.125,1823.614,2057.638,3309.319
"2012-08-30 19:50:00",13098,12.48,1935.193,1823.75,2057.638,3309.522
"2012-08-30 20:00:00",13099,12.48,1935.193,1823.75,2057.57,3309.658
"2012-08-30 20:10:00",13100,12.47,1935.125,1823.75,2057.842,3309.658
"2012-08-30 20:20:00",13101,12.47,1935.804,1823.75,2058.589,3309.658
"2012-08-30 20:30:00",13102,12.47,1935.872,1823.75,2058.657,3309.658
"2012-08-30 20:40:00",13103,12.47,1935.601,1823.75,2058.589,3309.658
"2012-08-30 20:50:00",13104,12.46,1935.533,1823.75,2058.725,3309.658
"2012-08-30 21:00:00",13105,12.46,1935.329,1823.75,2058.589,3309.658
"2012-08-30 21:10:00",13106,12.46,1935.601,1823.75,2058.725,3309.658
"2012-08-30 21:20:00",13107,12.46,1935.804,1823.75,2058.725,3309.658
"2012-08-30 21:30:00",13108,12.46,1935.804,1823.75,2058.725,3309.658
"2012-08-30 21:40:00",13109,12.45,1936.484,1823.75,2058.725,3309.658
"2012-08-30 21:50:00",13110,12.45,1936.484,1823.75,2058.725,3309.658
"2012-08-30 22:00:00",13111,12.45,1936.484,1824.973,2058.725,3309.658
"2012-08-30 22:10:00",13112,12.45,1936.484,1825.108,2058.725,3309.658
"2012-08-30 22:20:00",13113,12.45,1936.416,1825.108,2058.725,3309.726
"2012-08-30 22:30:00",13114,12.44,1936.484,1825.108,2058.725,3309.658
"2012-08-30 22:40:00",13115,12.44,1936.484,1825.108,2058.725,3309.658
"2012-08-30 22:50:00",13116,12.44,1936.484,1825.108,2058.725,3309.658
"2012-08-30 23:00:00",13117,12.44,1936.484,1825.108,2058.725,3309.658
"2012-08-30 23:10:00",13118,12.44,1936.484,1825.108,2058.725,3309.658
"2012-08-30 23:20:00",13119,12.44,1936.484,1824.905,2058.725,3309.658
"2012-08-30 23:30:00",13120,12.44,1936.484,1825.04,2058.725,3309.658
"2012-08-30 23:40:00",13121,12.43,1936.484,1825.04,2058.725,3309.658
"2012-08-30 23:50:00",13122,12.43,1936.484,1824.837,2058.725,3309.726
"2012-08-31 00:00:00",13123,12.43,1936.484,1824.158,2058.725,3309.658
"2012-08-31 00:10:00",13124,12.43,1936.348,1824.226,2058.725,3309.93
"2012-08-31 00:20:00",13125,12.43,1936.484,1824.497,2058.725,3310.406
"2012-08-31 00:30:00",13126,12.43,1936.348,1824.837,2058.725,3310.813
"2012-08-31 00:40:00",13127,12.42,1936.484,1824.837,2058.725,3310.88
"2012-08-31 00:50:00",13128,12.42,1936.484,1825.04,2058.725,3310.88
"2012-08-31 01:00:00",13129,12.42,1936.484,1825.04,2058.725,3310.88
"2012-08-31 01:10:00",13130,12.42,1936.519,1825.006,2058.762,3311.076
"2012-08-31 01:20:00",13131,12.42,1936.5,1825.124,2058.742,3311.044
"2012-08-31 01:30:00",13132,12.42,1936.489,1825.113,2058.73,3310.958
"2012-08-31 01:40:00",13133,12.42,1936.729,1824.808,2058.769,3311.088
"2012-08-31 01:50:00",13134,12.41,1937.09,1824.964,2058.792,3310.988
"2012-08-31 02:00:00",13135,12.41,1938.007,1825.264,2058.901,3311.3
"2012-08-31 02:10:00",13136,12.41,1937.418,1825.285,2058.923,3311.336
"2012-08-31 02:20:00",13137,12.41,1937.7,1825.358,2059.007,3311.47
"2012-08-31 02:30:00",13138,12.41,1937.635,1825.426,2059.083,3311.728
"2012-08-31 02:40:00",13139,12.4,1937.949,1825.337,2058.983,3311.567
"2012-08-31 02:50:00",13140,12.4,1937.709,1825.431,2059.089,3311.942
"2012-08-31 03:00:00",13141,12.4,1938.127,1825.569,2059.245,3312.056
"2012-08-31 03:10:00",13142,12.4,1938.346,1825.584,2059.261,3311.947
"2012-08-31 03:20:00",13143,12.4,1938.18,1825.618,2059.368,3311.942
"2012-08-31 03:30:00",13144,12.39,1938.151,1825.591,2059.27,3312.165
"2012-08-31 03:40:00",13145,12.39,1938.41,1825.708,2059.401,3312.512
"2012-08-31 03:50:00",13146,12.39,1938.042,1825.545,2059.371,3313.21
"2012-08-31 04:00:00",13147,12.39,1938.529,1825.819,2059.527,3313.258
"2012-08-31 04:10:00",13148,12.38,1938.805,1826.015,2059.748,3313.953
"2012-08-31 04:20:00",13149,12.38,1938.868,1826.203,2059.959,3314.225
"2012-08-31 04:30:00",13150,12.38,1939.071,1826.266,2060.03,3314.476
"2012-08-31 04:40:00",13151,12.38,1938.925,1826.32,2060.092,3314.575
"2012-08-31 04:50:00",13152,12.37,1938.877,1826.34,2060.114,3314.406
"2012-08-31 05:00:00",13153,12.37,1939.155,1826.21,2060.12,3314.62
"2012-08-31 05:10:00",13154,12.37,1939.157,1826.347,2060.054,3314.488
"2012-08-31 05:20:00",13155,12.37,1938.75,1826.348,2060.123,3314.352
"2012-08-31 05:30:00",13156,12.36,1938.886,1826.348,2059.987,3314.624
"2012-08-31 05:40:00",13157,12.36,1938.546,1826.348,2060.123,3314.624
"2012-08-31 05:50:00",13158,12.36,1939.158,1826.891,2060.123,3314.488
"2012-08-31 06:00:00",13159,12.36,1939.09,1826.415,2060.123,3314.624
"2012-08-31 06:10:00",13160,12.35,1939.022,1826.348,2060.123,3314.624
"2012-08-31 06:20:00",13161,12.35,1939.158,1826.348,2059.918,3314.488
"2012-08-31 06:30:00",13162,12.35,1939.158,1826.348,2060.123,3314.624
"2012-08-31 06:40:00",13163,12.34,1939.158,1826.348,2060.123,3314.624
"2012-08-31 06:50:00",13164,12.34,1939.022,1826.348,2060.123,3314.624
"2012-08-31 07:00:00",13165,12.34,1939.022,1826.348,2059.987,3314.488
"2012-08-31 07:10:00",13166,12.34,1938.886,1826.415,2060.123,3314.624
"2012-08-31 07:20:00",13167,12.33,1938.886,1826.348,2060.054,3314.624
"2012-08-31 07:30:00",13168,12.33,1939.022,1826.348,2060.123,3314.624
"2012-08-31 07:40:00",13169,12.32,1939.022,1826.348,2060.123,3314.624
"2012-08-31 07:50:00",13170,12.32,1939.158,1826.348,2060.123,3314.624
"2012-08-31 08:00:00",13171,12.32,1939.09,1826.619,2060.123,3314.624
"2012-08-31 08:10:00",13172,12.32,1939.151,1826.885,2060.115,3314.613
"2012-08-31 08:20:00",13173,12.31,1938.826,1826.711,2059.707,3314.174
"2012-08-31 08:30:00",13174,12.31,1938.374,1826.285,2059.702,3313.401
"2012-08-31 08:40:00",13175,12.32,1938.105,1825.832,2059.004,3312.825
"2012-08-31 08:50:00",13176,12.31,1937.521,1825.19,2058.884,3312.523
"2012-08-31 09:00:00",13177,12.31,1937.8,1825.337,2058.752,3312.419
"2012-08-31 09:10:00",13178,12.31,1937.578,1825.727,2058.733,3312.388
"2012-08-31 09:20:00",13179,12.32,1936.758,1825.383,2058.728,3312.379
"2012-08-31 09:30:00",13180,12.31,1936.417,1825.517,2058.726,3312.241
"2012-08-31 09:40:00",13181,12.37,1936.484,1825.517,2058.726,3312.376
"2012-08-31 09:50:00",13182,12.41,1935.941,1825.109,2058.454,3312.376
"2012-08-31 10:00:00",13183,12.44,1935.959,1825.198,2058.537,3312.29
"2012-08-31 10:10:00",13184,12.45,1935.886,1825.617,2058.243,3311.818
"2012-08-31 10:20:00",13185,12.54,1935.407,1824.613,2057.809,3311.229
"2012-08-31 10:30:00",13186,12.57,1935.144,1824.298,2057.53,3310.781
"2012-08-31 10:40:00",13187,12.61,1934.967,1824.134,2057.133,3310.564
"2012-08-31 10:50:00",13188,12.69,1933.853,1823.909,2056.15,3310.4
"2012-08-31 11:00:00",13189,12.71,1933.961,1823.882,2056.12,3310.963
"2012-08-31 11:10:00",13190,12.78,1933.546,1823.739,2055.975,3310.202
"2012-08-31 11:20:00",13191,12.91,1933.678,1823.736,2055.972,3310.13
"2012-08-31 11:30:00",13192,12.86,1933.746,1823.871,2056.108,3310.129
"2012-08-31 11:40:00",13193,12.96,1933.61,1823.804,2056.108,3310.129
"2012-08-31 11:50:00",13194,13,1933.542,1823.804,2055.972,3309.654
"2012-08-31 12:00:00",13195,13.93,1933.678,1823.396,2055.972,3309.926
"2012-08-31 12:10:00",13196,14.66,1933.542,1823.532,2055.972,3309.043
"2012-08-31 12:20:00",13197,14.56,1933.475,1823.6,2055.769,3308.772
"2012-08-31 12:30:00",13198,14.5,1933.814,1823.871,2055.701,3308.568
"2012-08-31 12:40:00",13199,14.49,1933.067,1823.668,2055.701,3308.568
"2012-08-31 12:50:00",13200,14.29,1933.678,1823.6,2055.022,3308.704
"2012-08-31 13:00:00",13201,14.47,1933.203,1823.396,2055.497,3308.704
"2012-08-31 13:10:00",13202,13.8,1931.642,1822.243,2055.293,3308.229
"2012-08-31 13:20:00",13203,14.56,1932.864,1822.786,2055.293,3307.822
"2012-08-31 13:30:00",13204,14.64,1933.407,1823.193,2054.683,3307.415
"2012-08-31 13:40:00",13205,14.57,1933.475,1823.804,2054.818,3307.55
"2012-08-31 13:50:00",13206,14.53,1933.129,1823.594,2054.947,3307.404
"2012-08-31 14:00:00",13207,14.3,1932.504,1823.181,2054.584,3307.012
"2012-08-31 14:10:00",13208,13.11,1932.324,1822.389,2054.542,3306.916
"2012-08-31 14:20:00",13209,12.79,1932.405,1822.465,2054.56,3307.19
"2012-08-31 14:30:00",13210,12.82,1932.304,1822.499,2054.597,3307.048
"2012-08-31 14:40:00",13211,13.63,1932.451,1822.509,2054.202,3307.27
"2012-08-31 14:50:00",13212,13.21,1932.454,1822.512,2054.612,3307.411
"2012-08-31 15:00:00",13213,14.33,1932.591,1822.581,2054.613,3307.141
"2012-08-31 15:10:00",13214,13.02,1932.32,1822.377,2054.613,3307.277
"2012-08-31 15:20:00",13215,12.89,1932.455,1822.513,2054.613,3307.141
"2012-08-31 15:30:00",13216,12.8,1932.184,1822.513,2054.817,3306.938
"2012-08-31 15:40:00",13217,12.83,1932.659,1822.513,2054.613,3306.598
"2012-08-31 15:50:00",13218,12.8,1933.066,1822.513,2055.021,3307.005
"2012-08-31 16:00:00",13219,12.69,1933.609,1822.513,2055.021,3307.277
"2012-08-31 16:10:00",13220,12.69,1933.813,1822.513,2054.681,3307.413
"2012-08-31 16:20:00",13221,12.61,1933.813,1822.649,2055.292,3307.413
"2012-08-31 16:30:00",13222,12.57,1933.677,1823.395,2055.835,3307.141
"2012-08-31 16:40:00",13223,12.56,1933.813,1823.531,2055.428,3307.413
"2012-08-31 16:50:00",13224,12.55,1933.95,1822.914,2055.981,3307.648
"2012-08-31 17:00:00",13225,12.54,1934.403,1824.292,2056.463,3308.423
"2012-08-31 17:10:00",13226,12.53,1934.864,1824.862,2056.273,3309.21
"2012-08-31 17:20:00",13227,12.53,1935.049,1824.358,2055.927,3309.528
"2012-08-31 17:30:00",13228,12.52,1935.103,1823.729,2055.984,3309.551
"2012-08-31 17:40:00",13229,12.51,1935.118,1823.744,2056.205,3309.579
"2012-08-31 17:50:00",13230,12.51,1935.137,1823.761,2056.02,3309.61
"2012-08-31 18:00:00",13231,12.5,1935.555,1824.155,2056.465,3310.393
"2012-08-31 18:10:00",13232,12.5,1936.096,1824.665,2057.787,3311.318
"2012-08-31 18:20:00",13233,12.49,1936.338,1824.893,2058.587,3311.732
"2012-08-31 18:30:00",13234,12.49,1936.409,1824.96,2058.732,3311.855
"2012-08-31 18:40:00",13235,12.49,1936.43,1824.98,2058.754,3311.891
"2012-08-31 18:50:00",13236,12.49,1936.777,1824.986,2058.761,3311.902
"2012-08-31 19:00:00",13237,12.48,1937.323,1824.988,2058.763,3311.906
"2012-08-31 19:10:00",13238,12.48,1937.798,1824.989,2058.763,3311.906
"2012-08-31 19:20:00",13239,12.47,1937.798,1824.989,2058.763,3311.906
"2012-08-31 19:30:00",13240,12.47,1937.798,1824.989,2058.763,3311.906
"2012-08-31 19:40:00",13241,12.47,1937.798,1824.989,2058.763,3311.906
"2012-08-31 19:50:00",13242,12.47,1937.798,1824.989,2058.763,3312.585
"2012-08-31 20:00:00",13243,12.46,1937.798,1824.989,2058.763,3313.061
"2012-08-31 20:10:00",13244,12.46,1937.798,1824.989,2058.763,3313.265
"2012-08-31 20:20:00",13245,12.46,1937.798,1824.989,2058.763,3313.265
"2012-08-31 20:30:00",13246,12.46,1937.798,1824.989,2058.763,3313.265
"2012-08-31 20:40:00",13247,12.45,1937.798,1825.056,2058.763,3313.265
"2012-08-31 20:50:00",13248,12.45,1937.798,1825.26,2058.763,3313.265
"2012-08-31 21:00:00",13249,12.45,1937.798,1825.736,2058.763,3313.265
"2012-08-31 21:10:00",13250,12.45,1937.91,1826.317,2058.882,3313.456
"2012-08-31 21:20:00",13251,12.45,1938.105,1826.432,2059.089,3313.789
"2012-08-31 21:30:00",13252,12.44,1938.237,1826.761,2059.23,3314.016
"2012-08-31 21:40:00",13253,12.44,1938.389,1826.904,2059.391,3314.275
"2012-08-31 21:50:00",13254,12.44,1938.437,1826.949,2059.441,3314.356
"2012-08-31 22:00:00",13255,12.44,1938.452,1826.963,2059.458,3314.45
"2012-08-31 22:10:00",13256,12.44,1938.456,1826.967,2059.462,3314.662
"2012-08-31 22:20:00",13257,12.43,1938.457,1826.969,2059.463,3314.8
"2012-08-31 22:30:00",13258,12.43,1938.458,1826.969,2059.463,3314.936
"2012-08-31 22:40:00",13259,12.43,1938.418,1826.931,2059.421,3315.344
"2012-08-31 22:50:00",13260,12.43,1938.445,1826.957,2059.45,3315.594
"2012-08-31 23:00:00",13261,12.43,1938.664,1826.972,2059.467,3315.757
"2012-08-31 23:10:00",13262,12.42,1939.399,1827.023,2059.525,3315.85
"2012-08-31 23:20:00",13263,12.42,1939.783,1827.129,2059.644,3316.042
"2012-08-31 23:30:00",13264,12.42,1939.906,1827.116,2059.63,3316.02
"2012-08-31 23:40:00",13265,12.42,1940.071,1827.208,2059.734,3316.186
"2012-08-31 23:50:00",13266,12.41,1940.021,1827.161,2059.68,3316.1
"2012-09-01 00:00:00",13267,12.41,1939.971,1827.114,2059.627,3316.016
"2012-09-01 00:10:00",13268,12.41,1939.83,1827.173,2059.694,3316.123
"2012-09-01 00:20:00",13269,12.41,1939.822,1827.229,2059.758,3316.225
"2012-09-01 00:30:00",13270,12.41,1940.089,1827.353,2059.897,3316.45
"2012-09-01 00:40:00",13271,12.4,1940.194,1827.515,2060.08,3316.745
"2012-09-01 00:50:00",13272,12.4,1940.453,1827.568,2060.139,3316.839
"2012-09-01 01:00:00",13273,12.4,1940.469,1827.583,2060.156,3316.867
"2012-09-01 01:10:00",13274,12.4,1940.474,1827.587,2060.161,3316.875
"2012-09-01 01:20:00",13275,12.39,1940.476,1827.589,2060.163,3316.877
"2012-09-01 01:30:00",13276,12.39,1940.476,1827.589,2060.163,3316.878
"2012-09-01 01:40:00",13277,12.39,1940.476,1827.589,2060.163,3316.878
"2012-09-01 01:50:00",13278,12.38,1940.476,1827.589,2060.163,3316.878
"2012-09-01 02:00:00",13279,12.38,1940.408,1827.589,2060.163,3316.878
"2012-09-01 02:10:00",13280,12.38,1940.34,1827.589,2060.163,3316.878
"2012-09-01 02:20:00",13281,12.38,1940.476,1827.589,2060.163,3316.878
"2012-09-01 02:30:00",13282,12.37,1940.476,1827.589,2060.163,3316.878
"2012-09-01 02:40:00",13283,12.37,1940.408,1827.589,2060.163,3316.878
"2012-09-01 02:50:00",13284,12.37,1940.408,1827.589,2060.163,3316.878
"2012-09-01 03:00:00",13285,12.36,1940.408,1827.589,2060.163,3316.878
"2012-09-01 03:10:00",13286,12.36,1940.408,1827.589,2060.163,3316.878
"2012-09-01 03:20:00",13287,12.35,1940.408,1827.589,2060.163,3316.878
"2012-09-01 03:30:00",13288,12.35,1939.796,1827.589,2060.163,3316.878
"2012-09-01 03:40:00",13289,12.35,1939.388,1827.589,2060.163,3316.878
"2012-09-01 03:50:00",13290,12.34,1939.388,1827.589,2060.163,3316.878
"2012-09-01 04:00:00",13291,12.34,1940,1827.589,2060.163,3316.878
"2012-09-01 04:10:00",13292,12.34,1940.34,1827.589,2060.163,3316.878
"2012-09-01 04:20:00",13293,12.33,1940.476,1827.589,2060.163,3316.878
"2012-09-01 04:30:00",13294,12.33,1940.476,1827.589,2060.163,3316.878
"2012-09-01 04:40:00",13295,12.32,1940.476,1827.589,2060.163,3316.878
"2012-09-01 04:50:00",13296,12.32,1940.476,1827.793,2060.163,3316.878
"2012-09-01 05:00:00",13297,12.31,1940.476,1827.793,2060.163,3316.946
"2012-09-01 05:10:00",13298,12.31,1940.476,1827.725,2060.163,3316.946
"2012-09-01 05:20:00",13299,12.31,1940.476,1827.793,2060.163,3317.286
"2012-09-01 05:30:00",13300,12.3,1940.476,1827.793,2060.163,3317.422
"2012-09-01 05:40:00",13301,12.3,1940.476,1827.657,2060.163,3317.15
"2012-09-01 05:50:00",13302,12.29,1940.476,1827.725,2060.163,3317.014
"2012-09-01 06:00:00",13303,12.29,1940.476,1827.725,2060.163,3317.15
"2012-09-01 06:10:00",13304,12.28,1940.476,1827.589,2060.163,3317.014
"2012-09-01 06:20:00",13305,12.28,1940.476,1827.725,2060.163,3316.878
"2012-09-01 06:30:00",13306,12.27,1940.476,1827.657,2060.163,3317.014
"2012-09-01 06:40:00",13307,12.27,1940.476,1827.725,2060.163,3316.878
"2012-09-01 06:50:00",13308,12.27,1940.476,1827.725,2060.163,3317.014
"2012-09-01 07:00:00",13309,12.26,1940.476,1827.657,2060.163,3316.946
"2012-09-01 07:10:00",13310,12.26,1940.476,1827.725,2060.163,3317.014
"2012-09-01 07:20:00",13311,12.26,1940.476,1827.589,2060.163,3317.218
"2012-09-01 07:30:00",13312,12.26,1940.476,1827.725,2060.163,3317.694
"2012-09-01 07:40:00",13313,12.26,1940.476,1828.405,2060.163,3318.034
"2012-09-01 07:50:00",13314,12.26,1940.42,1828.897,2060.104,3317.871
"2012-09-01 08:00:00",13315,12.26,1940.212,1828.7,2059.883,3317.718
"2012-09-01 08:10:00",13316,12.26,1939.946,1828.449,2059.6,3317.331
"2012-09-01 08:20:00",13317,12.27,1939.711,1828.228,2059.351,3316.929
"2012-09-01 08:30:00",13318,12.27,1939.333,1827.872,2058.95,3316.284
"2012-09-01 08:40:00",13319,12.27,1939.213,1827.758,2058.822,3316.077
"2012-09-01 08:50:00",13320,12.27,1939.174,1827.723,2058.781,3316.012
"2012-09-01 09:00:00",13321,12.28,1939.163,1827.712,2058.769,3315.993
"2012-09-01 09:10:00",13322,12.28,1939.16,1827.709,2058.766,3316.191
"2012-09-01 09:20:00",13323,12.28,1939.099,1827.788,2058.77,3315.952
"2012-09-01 09:30:00",13324,12.29,1938.674,1827.998,2058.25,3315.972
"2012-09-01 09:40:00",13325,12.33,1938.128,1828.094,2058.146,3315.581
"2012-09-01 09:50:00",13326,12.38,1937.929,1827.907,2058.41,3315.512
"2012-09-01 10:00:00",13327,12.41,1937.869,1827.851,2057.939,3316.497
"2012-09-01 10:10:00",13328,12.46,1937.85,1827.833,2058.734,3316.6
"2012-09-01 10:20:00",13329,12.52,1937.881,1827.797,2058.151,3316.875
"2012-09-01 10:30:00",13330,12.58,1937.45,1827.455,2057.901,3316.458
"2012-09-01 10:40:00",13331,12.61,1937.124,1827.148,2057.827,3316.579
"2012-09-01 10:50:00",13332,12.68,1936.829,1826.806,2057.441,3315.957
"2012-09-01 11:00:00",13333,12.76,1936.736,1826.654,2057.27,3315.682
"2012-09-01 11:10:00",13334,12.79,1936.549,1826.606,2057.216,3315.594
"2012-09-01 11:20:00",13335,12.87,1936.602,1826.592,2057.2,3315.298
"2012-09-01 11:30:00",13336,12.91,1936.598,1826.791,2057.331,3315.154
"2012-09-01 11:40:00",13337,12.93,1936.529,1826.654,2057.261,3315.219
"2012-09-01 11:50:00",13338,13,1936.529,1826.722,2057.261,3314.337
"2012-09-01 12:00:00",13339,13.13,1936.529,1827.672,2057.329,3315.083
"2012-09-01 12:10:00",13340,14.12,1936.529,1827.672,2056.854,3314.405
"2012-09-01 12:20:00",13341,14.56,1936.529,1826.654,2056.515,3314.201
"2012-09-01 12:30:00",13342,14.58,1936.529,1827.333,2056.651,3314.133
"2012-09-01 12:40:00",13343,12.93,1936.529,1827.943,2057.261,3314.201
"2012-09-01 12:50:00",13344,13.36,1936.529,1827.876,2057.329,3314.201
"2012-09-01 13:00:00",13345,13.09,1936.529,1827.808,2056.515,3314.066
"2012-09-01 13:10:00",13346,13.24,1936.529,1826.586,2056.04,3314.066
"2012-09-01 13:20:00",13347,13.89,1936.529,1826.79,2055.972,3313.658
"2012-09-01 13:30:00",13348,14.29,1936.529,1826.722,2056.04,3313.658
"2012-09-01 13:40:00",13349,14.36,1936.529,1827.129,2055.972,3314.066
"2012-09-01 13:50:00",13350,14.28,1936.529,1827.876,2056.311,3313.183
"2012-09-01 14:00:00",13351,14.51,1936.529,1827.943,2056.176,3313.183
"2012-09-01 14:10:00",13352,14.13,1936.529,1827.876,2056.108,3312.844
"2012-09-01 14:20:00",13353,13.08,1936.189,1826.79,2055.972,3312.844
"2012-09-01 14:30:00",13354,13.9,1936.121,1826.586,2055.972,3312.844
"2012-09-01 14:40:00",13355,13.9,1935.782,1826.586,2055.972,3312.844
"2012-09-01 14:50:00",13356,13.07,1935.51,1826.586,2055.972,3312.844
"2012-09-01 15:00:00",13357,13.3,1936.189,1826.586,2055.972,3312.572
"2012-09-01 15:10:00",13358,13.05,1936.189,1826.586,2055.972,3312.844
"2012-09-01 15:20:00",13359,13.07,1936.257,1826.586,2055.972,3312.844
"2012-09-01 15:30:00",13360,12.87,1936.257,1826.586,2055.972,3312.844
"2012-09-01 15:40:00",13361,12.88,1936.257,1826.586,2055.972,3312.844
"2012-09-01 15:50:00",13362,12.86,1936.325,1826.586,2055.972,3312.844
"2012-09-01 16:00:00",13363,12.66,1936.393,1826.858,2055.972,3312.844
"2012-09-01 16:10:00",13364,12.62,1936.529,1826.586,2055.972,3312.776
"2012-09-01 16:20:00",13365,12.58,1936.325,1826.586,2055.972,3312.844
"2012-09-01 16:30:00",13366,12.57,1936.461,1826.586,2055.972,3312.844
"2012-09-01 16:40:00",13367,12.55,1936.529,1826.586,2055.972,3312.844
"2012-09-01 16:50:00",13368,12.54,1936.393,1826.586,2055.972,3312.844
"2012-09-01 17:00:00",13369,12.53,1936.461,1826.043,2055.972,3312.844
"2012-09-01 17:10:00",13370,12.52,1936.529,1825.297,2055.972,3312.844
"2012-09-01 17:20:00",13371,12.51,1936.642,1825.335,2056.092,3313.037
"2012-09-01 17:30:00",13372,12.51,1936.996,1825.669,2056.468,3313.644
"2012-09-01 17:40:00",13373,12.5,1937.312,1825.967,2056.804,3314.184
"2012-09-01 17:50:00",13374,12.5,1937.629,1826.265,2057.14,3314.726
"2012-09-01 18:00:00",13375,12.5,1937.776,1826.404,2057.296,3314.978
"2012-09-01 18:10:00",13376,12.49,1937.823,1826.448,2057.346,3315.058
"2012-09-01 18:20:00",13377,12.48,1937.836,1826.461,2057.361,3315.082
"2012-09-01 18:30:00",13378,12.48,1937.84,1826.465,2057.365,3315.089
"2012-09-01 18:40:00",13379,12.48,1937.842,1826.466,2057.366,3315.091
"2012-09-01 18:50:00",13380,12.48,1937.842,1826.467,2057.366,3315.091
"2012-09-01 19:00:00",13381,12.47,1937.842,1826.467,2057.366,3315.091
"2012-09-01 19:10:00",13382,12.47,1937.842,1826.467,2057.638,3315.091
"2012-09-01 19:20:00",13383,12.46,1937.842,1826.467,2057.638,3315.431
"2012-09-01 19:30:00",13384,12.46,1937.842,1827.282,2058.317,3316.314
"2012-09-01 19:40:00",13385,12.46,1937.842,1827.825,2058.725,3316.45
"2012-09-01 19:50:00",13386,12.46,1938.657,1827.825,2058.725,3316.45
"2012-09-01 20:00:00",13387,12.45,1939.2,1827.825,2058.725,3316.45
"2012-09-01 20:10:00",13388,12.45,1939.2,1827.825,2058.725,3316.585
"2012-09-01 20:20:00",13389,12.45,1939.2,1827.825,2058.725,3317.128
"2012-09-01 20:30:00",13390,12.45,1939.2,1827.825,2058.725,3317.672
"2012-09-01 20:40:00",13391,12.45,1939.2,1828.029,2059.54,3317.808
"2012-09-01 20:50:00",13392,12.44,1940.219,1829.183,2060.015,3317.808
"2012-09-01 21:00:00",13393,12.44,1940.287,1829.183,2060.015,3317.808
"2012-09-01 21:10:00",13394,12.44,1940.422,1829.183,2060.083,3317.808
"2012-09-01 21:20:00",13395,12.44,1940.558,1829.183,2060.083,3317.808
"2012-09-01 21:30:00",13396,12.44,1940.558,1829.183,2060.083,3317.876
"2012-09-01 21:40:00",13397,12.44,1940.558,1829.183,2060.083,3317.808
"2012-09-01 21:50:00",13398,12.43,1940.558,1829.183,2060.083,3317.876
"2012-09-01 22:00:00",13399,12.43,1940.558,1829.183,2060.083,3318.759
"2012-09-01 22:10:00",13400,12.43,1940.558,1829.183,2060.083,3319.03
"2012-09-01 22:20:00",13401,12.43,1940.558,1829.183,2060.083,3319.166
"2012-09-01 22:30:00",13402,12.42,1940.558,1829.183,2060.083,3319.03
"2012-09-01 22:40:00",13403,12.42,1940.558,1829.183,2060.083,3319.098
"2012-09-01 22:50:00",13404,12.42,1940.558,1829.183,2060.083,3319.166
"2012-09-01 23:00:00",13405,12.42,1940.558,1829.183,2060.083,3319.166
"2012-09-01 23:10:00",13406,12.41,1940.558,1829.183,2060.083,3319.166
"2012-09-01 23:20:00",13407,12.41,1940.558,1829.183,2060.083,3319.234
"2012-09-01 23:30:00",13408,12.41,1940.558,1829.183,2060.083,3319.234
"2012-09-01 23:40:00",13409,12.4,1940.558,1829.183,2060.083,3319.573
"2012-09-01 23:50:00",13410,12.4,1940.558,1829.183,2060.083,3320.117
"2012-09-02 00:00:00",13411,12.4,1940.558,1829.183,2060.083,3320.524
"2012-09-02 00:10:00",13412,12.4,1940.558,1829.183,2060.083,3320.524
"2012-09-02 00:20:00",13413,12.39,1940.558,1829.183,2060.083,3320.524
"2012-09-02 00:30:00",13414,12.39,1940.558,1829.183,2060.083,3320.524
"2012-09-02 00:40:00",13415,12.39,1940.565,1829.189,2060.09,3320.536
"2012-09-02 00:50:00",13416,12.38,1940.75,1829.364,2060.287,3320.852
"2012-09-02 01:00:00",13417,12.38,1940.944,1829.547,2060.492,3321.184
"2012-09-02 01:10:00",13418,12.38,1941.028,1829.625,2060.581,3321.259
"2012-09-02 01:20:00",13419,12.37,1941.15,1829.741,2060.711,3321.536
"2012-09-02 01:30:00",13420,12.37,1941.526,1830.095,2061.11,3322.18
"2012-09-02 01:40:00",13421,12.36,1941.712,1830.271,2061.308,3322.499
"2012-09-02 01:50:00",13422,12.36,1941.814,1830.367,2061.416,3322.673
"2012-09-02 02:00:00",13423,12.35,1941.859,1830.409,2061.463,3322.75
"2012-09-02 02:10:00",13424,12.35,1941.871,1830.42,2061.476,3322.771
"2012-09-02 02:20:00",13425,12.34,1941.875,1830.424,2061.48,3322.777
"2012-09-02 02:30:00",13426,12.34,1941.876,1830.425,2061.482,3322.779
"2012-09-02 02:40:00",13427,12.33,1941.876,1830.425,2061.482,3322.779
"2012-09-02 02:50:00",13428,12.32,1941.876,1830.425,2061.482,3322.779
"2012-09-02 03:00:00",13429,12.32,1941.876,1830.425,2061.482,3322.779
"2012-09-02 03:10:00",13430,12.31,1941.876,1830.425,2061.482,3322.779
"2012-09-02 03:20:00",13431,12.31,1941.876,1830.425,2061.482,3322.779
"2012-09-02 03:30:00",13432,12.3,1941.876,1830.425,2061.482,3322.779
"2012-09-02 03:40:00",13433,12.3,1941.876,1830.425,2061.482,3322.779
"2012-09-02 03:50:00",13434,12.29,1941.876,1830.425,2061.482,3322.779
"2012-09-02 04:00:00",13435,12.29,1941.876,1830.425,2061.482,3322.779
"2012-09-02 04:10:00",13436,12.29,1941.876,1830.425,2061.482,3322.779
"2012-09-02 04:20:00",13437,12.28,1941.876,1830.425,2061.482,3322.779
"2012-09-02 04:30:00",13438,12.28,1941.876,1830.425,2061.482,3322.779
"2012-09-02 04:40:00",13439,12.28,1941.876,1830.425,2061.482,3322.779
"2012-09-02 04:50:00",13440,12.28,1941.876,1830.425,2061.482,3322.779
"2012-09-02 05:00:00",13441,12.28,1941.876,1830.425,2061.482,3322.779
"2012-09-02 05:10:00",13442,12.28,1941.876,1830.425,2061.482,3322.779
"2012-09-02 05:20:00",13443,12.27,1941.876,1830.425,2061.482,3322.779
"2012-09-02 05:30:00",13444,12.27,1941.876,1830.425,2061.482,3322.779
"2012-09-02 05:40:00",13445,12.27,1941.876,1830.425,2061.482,3322.779
"2012-09-02 05:50:00",13446,12.27,1941.876,1830.425,2061.482,3322.983
"2012-09-02 06:00:00",13447,12.27,1941.876,1830.425,2061.482,3322.983
"2012-09-02 06:10:00",13448,12.27,1941.876,1830.425,2061.482,3323.119
"2012-09-02 06:20:00",13449,12.27,1941.876,1830.425,2061.482,3323.119
"2012-09-02 06:30:00",13450,12.27,1941.876,1830.425,2061.414,3323.051
"2012-09-02 06:40:00",13451,12.27,1941.876,1830.425,2061.278,3323.119
"2012-09-02 06:50:00",13452,12.26,1941.876,1830.425,2061.278,3323.051
"2012-09-02 07:00:00",13453,12.26,1941.876,1830.425,2061.414,3323.051
"2012-09-02 07:10:00",13454,12.26,1941.876,1830.425,2061.414,3323.255
"2012-09-02 07:20:00",13455,12.26,1941.876,1830.425,2061.142,3323.458
"2012-09-02 07:30:00",13456,12.26,1941.876,1830.425,2061.346,3323.458
"2012-09-02 07:40:00",13457,12.26,1941.876,1830.425,2061.142,3323.527
"2012-09-02 07:50:00",13458,12.26,1941.876,1830.425,2061.414,3323.73
"2012-09-02 08:00:00",13459,12.26,1941.876,1830.425,2061.482,3323.866
"2012-09-02 08:10:00",13460,12.26,1941.876,1831.241,2061.482,3324.138
"2012-09-02 08:20:00",13461,12.27,1942.963,1831.784,2061.482,3324.138
"2012-09-02 08:30:00",13462,12.28,1943.167,1831.784,2061.482,3324.138
"2012-09-02 08:40:00",13463,12.28,1942.848,1831.548,2061.216,3323.709
"2012-09-02 08:50:00",13464,12.28,1941.994,1831.191,2060.814,3323.061
"2012-09-02 09:00:00",13465,12.28,1942.009,1830.756,2060.325,3322.273
"2012-09-02 09:10:00",13466,12.28,1941.171,1830.607,2060.157,3322.001
"2012-09-02 09:20:00",13467,12.29,1940.58,1830.562,2060.106,3321.92
"2012-09-02 09:30:00",13468,12.3,1940.565,1830.819,2060.09,3321.894
"2012-09-02 09:40:00",13469,12.33,1940.347,1831.149,2060.002,3322.5
"2012-09-02 09:50:00",13470,12.38,1939.891,1829.912,2059.375,3322.098
"2012-09-02 10:00:00",13471,12.39,1939.438,1830.706,2058.893,3321.321
"2012-09-02 10:10:00",13472,12.42,1939.301,1830.645,2058.748,3321.086
"2012-09-02 10:20:00",13473,12.48,1939.125,1830.674,2058.501,3321.018
"2012-09-02 10:30:00",13474,12.58,1938.976,1830.662,2058.692,3320.996
"2012-09-02 10:40:00",13475,12.58,1938.691,1830.585,2058.469,3320.924
"2012-09-02 10:50:00",13476,12.68,1937.969,1830.224,2057.317,3321.218
"2012-09-02 11:00:00",13477,12.68,1937.076,1829.49,2056.398,3320.637
"2012-09-02 11:10:00",13478,12.76,1936.452,1829.424,2056.095,3319.402
"2012-09-02 11:20:00",13479,12.84,1936.548,1829.187,2055.981,3318.811
"2012-09-02 11:30:00",13480,12.83,1936.246,1828.751,2055.948,3318.758
"2012-09-02 11:40:00",13481,12.86,1935.423,1828.064,2055.938,3318.742
"2012-09-02 11:50:00",13482,12.88,1935.216,1828.061,2055.121,3318.059
"2012-09-02 12:00:00",13483,12.96,1935.215,1828.06,2054.578,3317.379
"2012-09-02 12:10:00",13484,13.55,1935.215,1828.06,2054.578,3317.379
"2012-09-02 12:20:00",13485,14.66,1935.215,1828.06,2054.578,3316.701
"2012-09-02 12:30:00",13486,14.53,1935.215,1828.06,2054.578,3316.023
"2012-09-02 12:40:00",13487,14.5,1935.215,1828.06,2054.578,3316.09
"2012-09-02 12:50:00",13488,14.56,1935.215,1828.06,2054.51,3316.023
"2012-09-02 13:00:00",13489,14.49,1935.215,1827.993,2054.578,3316.226
"2012-09-02 13:10:00",13490,14.51,1935.215,1828.06,2054.578,3316.023
"2012-09-02 13:20:00",13491,14.53,1935.215,1826.839,2054.578,3316.023
"2012-09-02 13:30:00",13492,13.8,1935.215,1826.772,2054.578,3315.887
"2012-09-02 13:40:00",13493,14.59,1935.215,1826.839,2054.306,3315.616
"2012-09-02 13:50:00",13494,14.53,1935.08,1826.975,2054.51,3314.666
"2012-09-02 14:00:00",13495,14.65,1934.944,1826.704,2054.578,3314.666
"2012-09-02 14:10:00",13496,14.61,1935.215,1826.704,2054.578,3314.598
"2012-09-02 14:20:00",13497,14.62,1934.605,1826.704,2054.578,3314.666
"2012-09-02 14:30:00",13498,14.13,1934.13,1826.704,2054.51,3314.191
"2012-09-02 14:40:00",13499,14.01,1933.859,1826.704,2054.51,3313.581
"2012-09-02 14:50:00",13500,13.09,1933.859,1826.704,2054.51,3313.31
"2012-09-02 15:00:00",13501,13.1,1933.859,1826.704,2054.442,3313.445
"2012-09-02 15:10:00",13502,12.85,1933.723,1826.704,2054.578,3313.31
"2012-09-02 15:20:00",13503,12.75,1933.859,1826.704,2054.578,3313.31
"2012-09-02 15:30:00",13504,12.69,1933.859,1826.636,2054.578,3313.31
"2012-09-02 15:40:00",13505,12.65,1933.859,1826.636,2054.578,3313.31
"2012-09-02 15:50:00",13506,12.63,1933.859,1826.704,2054.578,3313.31
"2012-09-02 16:00:00",13507,12.61,1933.859,1826.704,2054.578,3313.31
"2012-09-02 16:10:00",13508,12.6,1933.859,1826.704,2054.578,3313.31
"2012-09-02 16:20:00",13509,12.58,1933.859,1826.704,2054.578,3313.31
"2012-09-02 16:30:00",13510,12.57,1933.995,1826.704,2054.578,3313.31
"2012-09-02 16:40:00",13511,12.55,1935.08,1826.5,2054.578,3313.31
"2012-09-02 16:50:00",13512,12.55,1935.147,1826.568,2054.578,3313.31
"2012-09-02 17:00:00",13513,12.54,1935.215,1826.704,2054.578,3313.31
"2012-09-02 17:10:00",13514,12.53,1935.215,1826.568,2054.578,3313.31
"2012-09-02 17:20:00",13515,12.52,1935.215,1825.89,2054.578,3313.31
"2012-09-02 17:30:00",13516,12.52,1935.222,1825.49,2054.585,3313.321
"2012-09-02 17:40:00",13517,12.52,1935.342,1825.535,2054.712,3313.527
"2012-09-02 17:50:00",13518,12.51,1935.716,1825.82,2055.11,3314.168
"2012-09-02 18:00:00",13519,12.51,1936.224,1826.299,2055.649,3315.037
"2012-09-02 18:10:00",13520,12.5,1936.434,1826.497,2055.872,3315.396
"2012-09-02 18:20:00",13521,12.5,1936.5,1826.56,2055.942,3315.51
"2012-09-02 18:30:00",13522,12.5,1936.519,1826.577,2055.962,3315.542
"2012-09-02 18:40:00",13523,12.49,1936.525,1826.583,2055.968,3315.552
"2012-09-02 18:50:00",13524,12.49,1936.633,1826.684,2056.083,3315.737
"2012-09-02 19:00:00",13525,12.49,1937.055,1827.083,2056.531,3316.46
"2012-09-02 19:10:00",13526,12.48,1937.449,1827.454,2056.949,3317.134
"2012-09-02 19:20:00",13527,12.48,1937.725,1827.715,2057.243,3317.608
"2012-09-02 19:30:00",13528,12.48,1937.807,1827.792,2057.398,3317.749
"2012-09-02 19:40:00",13529,12.48,1937.831,1827.815,2057.355,3317.79
"2012-09-02 19:50:00",13530,12.48,1937.839,1827.822,2057.363,3317.803
"2012-09-02 20:00:00",13531,12.47,1937.841,1827.756,2057.366,3317.807
"2012-09-02 20:10:00",13532,12.47,1937.842,1827.825,2057.366,3317.808
"2012-09-02 20:20:00",13533,12.46,1937.842,1827.621,2057.434,3317.808
"2012-09-02 20:30:00",13534,12.46,1937.842,1827.621,2057.366,3317.808
"2012-09-02 20:40:00",13535,12.46,1937.842,1827.553,2057.366,3317.808
"2012-09-02 20:50:00",13536,12.46,1937.952,1827.725,2057.483,3317.996
"2012-09-02 21:00:00",13537,12.46,1938.13,1827.554,2057.673,3318.302
"2012-09-02 21:10:00",13538,12.46,1938.274,1827.689,2057.825,3318.548
"2012-09-02 21:20:00",13539,12.46,1938.53,1827.93,2058.096,3318.985
"2012-09-02 21:30:00",13540,12.45,1938.781,1828.1,2058.364,3319.417
"2012-09-02 21:40:00",13541,12.45,1938.953,1828.058,2058.547,3319.711
"2012-09-02 21:50:00",13542,12.45,1939.086,1828.523,2058.756,3319.939
"2012-09-02 22:00:00",13543,12.45,1939.136,1828.774,2058.741,3319.956
"2012-09-02 22:10:00",13544,12.45,1939.152,1828.856,2058.757,3320.051
"2012-09-02 22:20:00",13545,12.44,1939.156,1828.997,2058.762,3320.059
"2012-09-02 22:30:00",13546,12.44,1939.158,1828.998,2058.831,3320.061
"2012-09-02 22:40:00",13547,12.44,1939.158,1829.066,2058.763,3320.061
"2012-09-02 22:50:00",13548,12.44,1939.158,1829.066,2058.763,3320.061
"2012-09-02 23:00:00",13549,12.43,1939.158,1829.066,2058.831,3320.061
"2012-09-02 23:10:00",13550,12.43,1939.158,1829.066,2058.763,3320.061
"2012-09-02 23:20:00",13551,12.43,1939.226,1829.066,2058.763,3320.061
"2012-09-02 23:30:00",13552,12.43,1939.158,1829.066,2058.763,3320.061
"2012-09-02 23:40:00",13553,12.43,1939.226,1829.066,2058.763,3320.061
"2012-09-02 23:50:00",13554,12.43,1939.973,1829.066,2059.035,3320.061
"2012-09-03 00:00:00",13555,12.42,1940.517,1829.066,2059.918,3320.061
"2012-09-03 00:10:00",13556,12.42,1940.517,1829.134,2060.123,3320.265
"2012-09-03 00:20:00",13557,12.42,1940.517,1830.357,2060.123,3321.08
"2012-09-03 00:30:00",13558,12.41,1940.498,1830.272,2060.103,3321.32
"2012-09-03 00:40:00",13559,12.41,1940.439,1830.352,2060.04,3321.287
"2012-09-03 00:50:00",13560,12.41,1940.246,1830.169,2059.835,3320.956
"2012-09-03 01:00:00",13561,12.41,1939.925,1829.867,2059.495,3320.407
"2012-09-03 01:10:00",13562,12.41,1939.8,1829.749,2059.362,3320.193
"2012-09-03 01:20:00",13563,12.4,1939.836,1829.719,2059.328,3320.274
"2012-09-03 01:30:00",13564,12.4,1940.272,1829.618,2059.214,3320.837
"2012-09-03 01:40:00",13565,12.4,1940.712,1829.456,2059.032,3320.816
"2012-09-03 01:50:00",13566,12.4,1940.722,1829.338,2058.967,3320.805
"2012-09-03 02:00:00",13567,12.4,1940.635,1829.255,2059.825,3320.656
"2012-09-03 02:10:00",13568,12.39,1940.583,1829.206,2059.905,3320.566
"2012-09-03 02:20:00",13569,12.39,1940.566,1829.19,2060.023,3320.537
"2012-09-03 02:30:00",13570,12.39,1940.561,1829.186,2059.95,3320.529
"2012-09-03 02:40:00",13571,12.38,1940.559,1829.184,2060.084,3320.526
"2012-09-03 02:50:00",13572,12.38,1940.559,1829.184,2060.083,3320.525
"2012-09-03 03:00:00",13573,12.38,1940.559,1829.184,2060.016,3320.525
"2012-09-03 03:10:00",13574,12.38,1940.559,1829.184,2060.083,3320.525
"2012-09-03 03:20:00",13575,12.38,1940.559,1829.184,2060.083,3320.525
"2012-09-03 03:30:00",13576,12.37,1940.559,1829.184,2060.083,3320.525
"2012-09-03 03:40:00",13577,12.37,1940.559,1829.184,2060.083,3320.525
"2012-09-03 03:50:00",13578,12.37,1940.559,1829.184,2060.083,3320.525
"2012-09-03 04:00:00",13579,12.36,1940.559,1829.184,2060.083,3320.525
"2012-09-03 04:10:00",13580,12.36,1940.559,1829.184,2060.083,3320.525
"2012-09-03 04:20:00",13581,12.36,1940.559,1829.184,2060.083,3320.525
"2012-09-03 04:30:00",13582,12.35,1940.559,1829.184,2060.083,3320.525
"2012-09-03 04:40:00",13583,12.35,1940.559,1829.184,2060.083,3320.593
"2012-09-03 04:50:00",13584,12.35,1940.559,1829.184,2060.083,3320.661
"2012-09-03 05:00:00",13585,12.34,1940.559,1829.184,2060.083,3320.525
"2012-09-03 05:10:00",13586,12.34,1940.559,1829.184,2060.016,3320.525
"2012-09-03 05:20:00",13587,12.34,1940.559,1829.184,2060.016,3320.661
"2012-09-03 05:30:00",13588,12.33,1940.559,1829.184,2059.812,3320.525
"2012-09-03 05:40:00",13589,12.33,1940.608,1829.23,2060,3320.609
"2012-09-03 05:50:00",13590,12.33,1940.716,1829.331,2059.91,3320.861
"2012-09-03 06:00:00",13591,12.32,1940.815,1829.425,2059.88,3321.031
"2012-09-03 06:10:00",13592,12.32,1940.917,1829.521,2059.377,3321.138
"2012-09-03 06:20:00",13593,12.32,1940.881,1829.551,2059.207,3321.192
"2012-09-03 06:30:00",13594,12.31,1940.779,1829.647,2059.247,3321.366
"2012-09-03 06:40:00",13595,12.31,1941.035,1829.696,2059.302,3321.524
"2012-09-03 06:50:00",13596,12.3,1940.881,1829.68,2059.284,3321.494
"2012-09-03 07:00:00",13597,12.3,1941.127,1829.847,2059.472,3321.73
"2012-09-03 07:10:00",13598,12.3,1940.986,1829.778,2059.395,3321.605
"2012-09-03 07:20:00",13599,12.29,1941.123,1829.779,2059.396,3321.607
"2012-09-03 07:30:00",13600,12.29,1941.181,1829.771,2059.386,3321.591
"2012-09-03 07:40:00",13601,12.29,1940.642,1829.646,2059.246,3321.365
"2012-09-03 07:50:00",13602,12.29,1940.662,1829.473,2059.187,3321.051
"2012-09-03 08:00:00",13603,12.29,1940.674,1830.446,2059.934,3321.265
"2012-09-03 08:10:00",13604,12.29,1940.594,1830.575,2060.053,3321.808
"2012-09-03 08:20:00",13605,12.29,1940.569,1830.551,2060.094,3321.901
"2012-09-03 08:30:00",13606,12.3,1940.562,1830.545,2060.087,3321.888
"2012-09-03 08:40:00",13607,12.3,1940.56,1830.543,2060.084,3321.885
"2012-09-03 08:50:00",13608,12.3,1940.559,1830.542,2060.083,3321.884
"2012-09-03 09:00:00",13609,12.3,1939.855,1830.518,2060.057,3321.841
"2012-09-03 09:10:00",13610,12.31,1938.839,1830.2,2059.699,3321.263
"2012-09-03 09:20:00",13611,12.31,1938.252,1829.646,2059.075,3320.257
"2012-09-03 09:30:00",13612,12.31,1937.995,1829.403,2058.802,3319.885
"2012-09-03 09:40:00",13613,12.35,1937.783,1829.4,2058.722,3319.755
"2012-09-03 09:50:00",13614,12.38,1937.748,1829.171,2058.54,3319.462
"2012-09-03 10:00:00",13615,12.43,1936.772,1828.701,2057.936,3319.505
"2012-09-03 10:10:00",13616,12.44,1935.433,1829.215,2057.522,3319.108
"2012-09-03 10:20:00",13617,12.47,1935.281,1829.139,2057.36,3318.847
"2012-09-03 10:30:00",13618,12.58,1935.235,1829.029,2057.312,3318.77
"2012-09-03 10:40:00",13619,12.57,1935.221,1828.133,2057.297,3318.745
"2012-09-03 10:50:00",13620,12.62,1935.217,1828.265,2057.292,3318.806
"2012-09-03 11:00:00",13621,12.7,1935.216,1828.061,2057.155,3318.736
"2012-09-03 11:10:00",13622,12.76,1935.215,1828.06,2056.816,3318.736
"2012-09-03 11:20:00",13623,12.75,1935.215,1828.06,2057.155,3318.736
"2012-09-03 11:30:00",13624,12.81,1935.166,1828.014,2057.239,3318.652
"2012-09-03 11:40:00",13625,12.77,1935.136,1827.985,2056.935,3317.447
"2012-09-03 11:50:00",13626,12.85,1935.094,1827.945,2055.805,3316.831
"2012-09-03 12:00:00",13627,12.91,1934.7,1827.479,2055.891,3315.953
"2012-09-03 12:10:00",13628,13.34,1934.67,1826.637,2055.859,3315.901
"2012-09-03 12:20:00",13629,14.33,1935.027,1826.655,2055.879,3315.255
"2012-09-03 12:30:00",13630,14.56,1935.033,1826.532,2055.74,3314.354
"2012-09-03 12:40:00",13631,14.59,1934.669,1826.444,2055.37,3314.059
"2012-09-03 12:50:00",13632,14.55,1934.437,1826.225,2054.379,3313.798
"2012-09-03 13:00:00",13633,14.51,1934.128,1826.126,2054.606,3313.278
"2012-09-03 13:10:00",13634,14.55,1934.573,1826.097,2054.302,3312.277
"2012-09-03 13:20:00",13635,14.62,1934.428,1826.089,2054.089,3312.194
"2012-09-03 13:30:00",13636,14.39,1934.464,1825.995,2053.78,3311.142
"2012-09-03 13:40:00",13637,13.8,1934.28,1825.821,2053.585,3310.352
"2012-09-03 13:50:00",13638,14.49,1934.22,1825.829,2053.593,3310.366
"2012-09-03 14:00:00",13639,14.55,1934.227,1825.771,2053.732,3310.262
"2012-09-03 14:10:00",13640,14.52,1934.251,1825.858,2053.829,3310.419
"2012-09-03 14:20:00",13641,14.56,1934.214,1825.823,2054.875,3310.355
"2012-09-03 14:30:00",13642,14.53,1934.275,1825.816,2054.867,3310.343
"2012-09-03 14:40:00",13643,13.87,1934.431,1825.963,2054.83,3310.61
"2012-09-03 14:50:00",13644,13.01,1934.521,1826.048,2055.061,3310.764
"2012-09-03 15:00:00",13645,13.11,1934.598,1826.189,2055.21,3310.896
"2012-09-03 15:10:00",13646,12.86,1934.818,1826.328,2055.512,3311.205
"2012-09-03 15:20:00",13647,12.77,1935.067,1826.564,2055.776,3311.36
"2012-09-03 15:30:00",13648,12.7,1935.17,1826.661,2055.886,3311.129
"2012-09-03 15:40:00",13649,12.67,1935.201,1826.69,2055.919,3311.386
"2012-09-03 15:50:00",13650,12.63,1935.211,1826.7,2055.929,3311.132
"2012-09-03 16:00:00",13651,12.61,1935.214,1826.702,2055.932,3311.544
"2012-09-03 16:10:00",13652,12.6,1935.214,1826.703,2055.933,3311.884
"2012-09-03 16:20:00",13653,12.59,1935.215,1826.907,2055.934,3311.952
"2012-09-03 16:30:00",13654,12.57,1935.215,1826.703,2055.934,3311.952
"2012-09-03 16:40:00",13655,12.56,1935.215,1826.703,2055.934,3311.952
"2012-09-03 16:50:00",13656,12.55,1935.215,1826.703,2055.934,3311.816
"2012-09-03 17:00:00",13657,12.55,1935.215,1826.703,2055.934,3311.952
"2012-09-03 17:10:00",13658,12.54,1935.215,1826.703,2055.934,3311.884
"2012-09-03 17:20:00",13659,12.53,1935.961,1826.703,2056.34,3311.952
"2012-09-03 17:30:00",13660,12.53,1936.571,1826.703,2056.951,3311.952
"2012-09-03 17:40:00",13661,12.52,1936.608,1826.738,2057.125,3312.015
"2012-09-03 17:50:00",13662,12.52,1936.854,1826.97,2057.32,3312.437
"2012-09-03 18:00:00",13663,12.52,1937.24,1827.335,2057.865,3313.097
"2012-09-03 18:10:00",13664,12.51,1937.676,1827.746,2058.464,3313.843
"2012-09-03 18:20:00",13665,12.51,1937.824,1827.885,2058.553,3314.095
"2012-09-03 18:30:00",13666,12.51,1937.866,1827.924,2058.53,3314.167
"2012-09-03 18:40:00",13667,12.5,1937.879,1827.937,2058.408,3314.19
"2012-09-03 18:50:00",13668,12.5,1937.883,1827.941,2058.413,3314.197
"2012-09-03 19:00:00",13669,12.5,1937.99,1828.042,2058.458,3314.38
"2012-09-03 19:10:00",13670,12.49,1938.443,1828.469,2058.125,3315.155
"2012-09-03 19:20:00",13671,12.49,1938.89,1828.891,2058.396,3315.919
"2012-09-03 19:30:00",13672,12.49,1939.107,1829.095,2058.625,3316.29
"2012-09-03 19:40:00",13673,12.49,1939.172,1829.157,2058.695,3316.402
"2012-09-03 19:50:00",13674,12.49,1939.192,1829.175,2058.716,3316.435
"2012-09-03 20:00:00",13675,12.48,1939.198,1829.181,2058.722,3316.446
"2012-09-03 20:10:00",13676,12.48,1939.2,1829.183,2058.724,3316.449
"2012-09-03 20:20:00",13677,12.48,1939.2,1829.183,2058.725,3316.45
"2012-09-03 20:30:00",13678,12.48,1939.2,1829.183,2058.725,3316.45
"2012-09-03 20:40:00",13679,12.47,1939.2,1829.183,2058.725,3316.45
"2012-09-03 20:50:00",13680,12.47,1939.2,1829.183,2058.725,3316.45
"2012-09-03 21:00:00",13681,12.47,1939.2,1829.183,2058.725,3316.585
"2012-09-03 21:10:00",13682,12.46,1939.2,1829.183,2058.725,3317.128
"2012-09-03 21:20:00",13683,12.46,1939.2,1829.183,2058.725,3317.672
"2012-09-03 21:30:00",13684,12.46,1939.2,1829.183,2058.725,3317.74
"2012-09-03 21:40:00",13685,12.46,1939.2,1829.183,2058.725,3317.808
"2012-09-03 21:50:00",13686,12.46,1939.256,1829.236,2058.784,3317.903
"2012-09-03 22:00:00",13687,12.46,1939.303,1829.28,2058.834,3317.984
"2012-09-03 22:10:00",13688,12.46,1939.438,1829.407,2058.977,3318.214
"2012-09-03 22:20:00",13689,12.46,1939.497,1829.464,2059.041,3318.316
"2012-09-03 22:30:00",13690,12.45,1939.648,1829.606,2059.2,3318.575
"2012-09-03 22:40:00",13691,12.45,1939.749,1829.701,2059.308,3318.748
"2012-09-03 22:50:00",13692,12.45,1939.725,1829.678,2059.282,3318.706
"2012-09-03 23:00:00",13693,12.45,1939.868,1829.813,2059.434,3318.951
"2012-09-03 23:10:00",13694,12.45,1939.947,1829.888,2059.518,3319.086
"2012-09-03 23:20:00",13695,12.44,1940.025,1829.961,2059.601,3319.219
"2012-09-03 23:30:00",13696,12.44,1940.225,1830.15,2059.813,3319.561
"2012-09-03 23:40:00",13697,12.44,1940.281,1830.203,2059.872,3319.657
"2012-09-03 23:50:00",13698,12.44,1940.348,1830.266,2059.943,3319.772
"2012-09-04 00:00:00",13699,12.43,1940.399,1830.314,2059.998,3319.859
"2012-09-04 00:10:00",13700,12.43,1940.474,1830.384,2060.077,3319.987
"2012-09-04 00:20:00",13701,12.43,1940.505,1830.413,2060.11,3320.04
"2012-09-04 00:30:00",13702,12.43,1940.507,1830.416,2060.112,3320.044
"2012-09-04 00:40:00",13703,12.42,1940.481,1830.391,2060.084,3319.999
"2012-09-04 00:50:00",13704,12.42,1940.261,1830.184,2059.852,3319.692
"2012-09-04 01:00:00",13705,12.42,1940.024,1829.961,2059.6,3319.286
"2012-09-04 01:10:00",13706,12.42,1940.634,1829.767,2059.382,3320.157
"2012-09-04 01:20:00",13707,12.42,1940.673,1829.675,2059.414,3320.059
"2012-09-04 01:30:00",13708,12.42,1940.96,1829.562,2059.83,3319.853
"2012-09-04 01:40:00",13709,12.42,1940.846,1829.454,2060.32,3319.658
"2012-09-04 01:50:00",13710,12.41,1940.71,1829.326,2060.176,3319.561
"2012-09-04 02:00:00",13711,12.41,1940.614,1829.236,2060.142,3320.076
"2012-09-04 02:10:00",13712,12.41,1940.603,1829.225,2060.13,3320.329
"2012-09-04 02:20:00",13713,12.41,1940.682,1829.368,2060.01,3320.532
"2012-09-04 02:30:00",13714,12.41,1940.784,1829.532,2059.915,3320.911
"2012-09-04 02:40:00",13715,12.4,1940.832,1829.917,2060.102,3320.993
"2012-09-04 02:50:00",13716,12.4,1940.842,1829.655,2059.841,3321.01
"2012-09-04 03:00:00",13717,12.4,1941.027,1830.168,2059.765,3321.326
"2012-09-04 03:10:00",13718,12.4,1941.049,1830.325,2059.584,3321.363
"2012-09-04 03:20:00",13719,12.39,1941.089,1830.43,2059.287,3321.432
"2012-09-04 03:30:00",13720,12.39,1941.156,1830.426,2059.359,3321.547
"2012-09-04 03:40:00",13721,12.39,1941.338,1830.87,2059.552,3321.859
"2012-09-04 03:50:00",13722,12.39,1941.478,1830.865,2059.701,3322.098
"2012-09-04 04:00:00",13723,12.38,1941.651,1831.572,2059.883,3322.393
"2012-09-04 04:10:00",13724,12.38,1941.67,1831.522,2059.904,3322.427
"2012-09-04 04:20:00",13725,12.38,1941.804,1831.648,2060.046,3322.656
"2012-09-04 04:30:00",13726,12.38,1941.855,1831.696,2060.1,3322.743
"2012-09-04 04:40:00",13727,12.37,1941.87,1831.779,2060.116,3322.769
"2012-09-04 04:50:00",13728,12.37,1941.874,1831.783,2060.121,3322.777
"2012-09-04 05:00:00",13729,12.37,1941.876,1831.784,2060.123,3322.915
"2012-09-04 05:10:00",13730,12.37,1941.876,1831.784,2060.123,3322.983
"2012-09-04 05:20:00",13731,12.36,1941.876,1831.784,2060.123,3323.527
"2012-09-04 05:30:00",13732,12.36,1941.876,1831.784,2060.123,3324.002
"2012-09-04 05:40:00",13733,12.36,1941.876,1831.784,2060.123,3324.138
"2012-09-04 05:50:00",13734,12.36,1941.876,1831.784,2060.123,3324.138
"2012-09-04 06:00:00",13735,12.35,1941.876,1831.784,2060.19,3324.138
"2012-09-04 06:10:00",13736,12.35,1941.876,1831.784,2060.123,3324.138
"2012-09-04 06:20:00",13737,12.35,1941.876,1831.784,2060.123,3324.138
"2012-09-04 06:30:00",13738,12.34,1941.876,1831.784,2060.123,3324.138
"2012-09-04 06:40:00",13739,12.34,1941.876,1831.784,2060.123,3324.138
"2012-09-04 06:50:00",13740,12.34,1941.876,1831.784,2060.123,3324.138
"2012-09-04 07:00:00",13741,12.34,1941.823,1831.734,2060.406,3324.048
"2012-09-04 07:10:00",13742,12.33,1941.565,1831.627,2060.608,3323.606
"2012-09-04 07:20:00",13743,12.33,1941.26,1832.494,2060.692,3323.288
"2012-09-04 07:30:00",13744,12.33,1941.045,1832.359,2060.532,3323.531
"2012-09-04 07:40:00",13745,12.34,1941.558,1832.074,2060.279,3323.285
"2012-09-04 07:50:00",13746,12.34,1941.973,1831.953,2060.143,3323.337
"2012-09-04 08:00:00",13747,12.37,1941.731,1831.916,2060.102,3323.271
"2012-09-04 08:10:00",13748,12.39,1941.718,1831.905,2060.089,3323.25
"2012-09-04 08:20:00",13749,12.43,1941.782,1831.901,2060.085,3323.244
"2012-09-04 08:30:00",13750,12.48,1941.035,1831.9,2060.084,3323.242
"2012-09-04 08:40:00",13751,12.51,1940.559,1831.9,2060.083,3323.242
"2012-09-04 08:50:00",13752,12.5,1940.34,1831.762,2059.851,3322.867
"2012-09-04 09:00:00",13753,12.57,1939.73,1832.2,2059.276,3321.938
"2012-09-04 09:10:00",13754,12.67,1939.411,1832.174,2058.865,3321.208
"2012-09-04 09:20:00",13755,12.7,1939.022,1830.841,2058.74,3321.074
"2012-09-04 09:30:00",13756,12.75,1939.122,1830.944,2058.635,3320.334
"2012-09-04 09:40:00",13757,12.8,1938.84,1832.019,2058.691,3320.859
"2012-09-04 09:50:00",13758,12.83,1937.862,1831.993,2058.661,3320.947
"2012-09-04 10:00:00",13759,12.89,1937.581,1831.663,2058.291,3320.35
"2012-09-04 10:10:00",13760,12.83,1937.22,1830.915,2057.908,3319.731
"2012-09-04 10:20:00",13761,12.98,1936.844,1829.674,2057.58,3319.202
"2012-09-04 10:30:00",13762,13.07,1936.66,1829.5,2057.384,3318.886
"2012-09-04 10:40:00",13763,13.15,1936.597,1829.441,2057.318,3318.779
"2012-09-04 10:50:00",13764,13.66,1936.376,1829.424,2057.299,3318.749
"2012-09-04 11:00:00",13765,13.33,1936.574,1829.419,2057.293,3318.739
"2012-09-04 11:10:00",13766,13.58,1936.572,1829.417,2057.291,3318.736
"2012-09-04 11:20:00",13767,13.05,1936.572,1829.417,2057.291,3318.736
"2012-09-04 11:30:00",13768,13.07,1935.326,1829.393,2057.264,3318.693
"2012-09-04 11:40:00",13769,13.15,1935.111,1829.254,2057.108,3318.44
"2012-09-04 11:50:00",13770,13.49,1934.844,1829.001,2056.485,3317.982
"2012-09-04 12:00:00",13771,14.17,1934.655,1828.886,2056.559,3317.773
"2012-09-04 12:10:00",13772,14.55,1934.589,1828.825,2056.15,3316.712
"2012-09-04 12:20:00",13773,14.53,1934.555,1828.793,2055.843,3316.247
"2012-09-04 12:30:00",13774,14.49,1934.424,1828.669,2055.094,3316.022
"2012-09-04 12:40:00",13775,14.53,1934.13,1828.39,2054.781,3315.382
"2012-09-04 12:50:00",13776,14.62,1933.979,1828.248,2054.552,3314.513
"2012-09-04 13:00:00",13777,14.48,1933.926,1828.063,2054.361,3313.881
"2012-09-04 13:10:00",13778,13.76,1933.911,1828.116,2053.736,3313.788
"2012-09-04 13:20:00",13779,14.58,1933.906,1828.179,2054.408,3313.779
"2012-09-04 13:30:00",13780,14.52,1933.905,1828.178,2054.068,3313.302
"2012-09-04 13:40:00",13781,14.61,1933.905,1828.042,2053.796,3312.556
"2012-09-04 13:50:00",13782,14.54,1933.905,1828.11,2053.932,3312.421
"2012-09-04 14:00:00",13783,14.57,1933.905,1828.042,2054.406,3312.421
"2012-09-04 14:10:00",13784,13.88,1933.905,1828.11,2054.542,3312.421
"2012-09-04 14:20:00",13785,14.46,1933.905,1828.178,2054.474,3311.607
"2012-09-04 14:30:00",13786,14.57,1933.905,1828.042,2054.474,3311.065
"2012-09-04 14:40:00",13787,14.52,1933.905,1827.974,2054.542,3311.133
"2012-09-04 14:50:00",13788,13.17,1933.905,1828.042,2054.542,3311.065
"2012-09-04 15:00:00",13789,13.29,1933.905,1828.178,2054.542,3311.065
"2012-09-04 15:10:00",13790,12.92,1933.905,1828.178,2054.542,3311.065
"2012-09-04 15:20:00",13791,12.81,1933.905,1828.178,2054.542,3311.065
"2012-09-04 15:30:00",13792,12.73,1933.905,1828.178,2054.542,3311.065
"2012-09-04 15:40:00",13793,12.67,1933.905,1828.178,2054.542,3311.065
"2012-09-04 15:50:00",13794,12.64,1933.905,1828.178,2054.542,3311.065
"2012-09-04 16:00:00",13795,12.63,1933.905,1828.178,2054.542,3311.065
"2012-09-04 16:10:00",13796,12.61,1933.923,1828.195,2054.561,3311.096
"2012-09-04 16:20:00",13797,12.61,1933.978,1828.247,2054.62,3311.191
"2012-09-04 16:30:00",13798,12.59,1934.208,1828.465,2055.677,3311.585
"2012-09-04 16:40:00",13799,12.58,1934.964,1828.666,2056.311,3311.95
"2012-09-04 16:50:00",13800,12.57,1935.96,1828.839,2056.369,3312.263
"2012-09-04 17:00:00",13801,12.57,1936.35,1829.207,2056.852,3312.931
"2012-09-04 17:10:00",13802,12.56,1936.504,1829.353,2057.219,3313.194
"2012-09-04 17:20:00",13803,12.56,1936.957,1829.396,2057.268,3313.341
"2012-09-04 17:30:00",13804,12.55,1937.922,1829.411,2057.284,3313.299
"2012-09-04 17:40:00",13805,12.55,1937.926,1829.415,2057.288,3313.848
"2012-09-04 17:50:00",13806,12.54,1937.927,1829.416,2057.29,3314.665
"2012-09-04 18:00:00",13807,12.54,1937.927,1829.416,2057.29,3314.665
"2012-09-04 18:10:00",13808,12.54,1937.927,1829.416,2057.29,3314.665
"2012-09-04 18:20:00",13809,12.53,1938.065,1829.546,2057.436,3314.901
"2012-09-04 18:30:00",13810,12.53,1938.534,1829.989,2057.934,3315.703
"2012-09-04 18:40:00",13811,12.53,1939,1830.429,2058.429,3316.5
"2012-09-04 18:50:00",13812,12.52,1939.169,1830.588,2058.608,3316.79
"2012-09-04 19:00:00",13813,12.52,1939.22,1830.433,2058.663,3316.876
"2012-09-04 19:10:00",13814,12.52,1939.235,1830.447,2058.678,3316.903
"2012-09-04 19:20:00",13815,12.52,1939.24,1830.52,2058.684,3316.911
"2012-09-04 19:30:00",13816,12.51,1939.248,1830.052,2058.692,3316.925
"2012-09-04 19:40:00",13817,12.51,1939.43,1829.952,2058.885,3317.236
"2012-09-04 19:50:00",13818,12.51,1939.762,1829.79,2059.237,3317.803
"2012-09-04 20:00:00",13819,12.51,1940.147,1830.154,2059.647,3318.463
"2012-09-04 20:10:00",13820,12.51,1940.428,1830.418,2059.741,3318.943
"2012-09-04 20:20:00",13821,12.51,1940.52,1830.505,2059.974,3319.1
"2012-09-04 20:30:00",13822,12.5,1940.547,1830.531,2059.867,3319.146
"2012-09-04 20:40:00",13823,12.5,1940.555,1830.538,2059.875,3319.16
"2012-09-04 20:50:00",13824,12.5,1940.558,1830.541,2059.811,3319.165
"2012-09-04 21:00:00",13825,12.5,1940.558,1830.541,2059.54,3319.166
"2012-09-04 21:10:00",13826,12.49,1940.558,1830.541,2059.2,3319.166
"2012-09-04 21:20:00",13827,12.49,1940.558,1830.541,2058.861,3319.166
"2012-09-04 21:30:00",13828,12.49,1940.558,1830.541,2058.928,3319.505
"2012-09-04 21:40:00",13829,12.49,1940.558,1830.541,2058.725,3320.185
"2012-09-04 21:50:00",13830,12.49,1940.558,1830.541,2058.725,3320.253
"2012-09-04 22:00:00",13831,12.48,1940.558,1830.541,2058.725,3320.524
"2012-09-04 22:10:00",13832,12.48,1940.558,1830.541,2058.725,3320.524
"2012-09-04 22:20:00",13833,12.48,1940.558,1830.541,2058.725,3320.524
"2012-09-04 22:30:00",13834,12.48,1940.558,1830.541,2058.725,3320.524
"2012-09-04 22:40:00",13835,12.47,1940.558,1830.541,2058.725,3320.524
"2012-09-04 22:50:00",13836,12.47,1940.558,1830.541,2058.725,3320.524
"2012-09-04 23:00:00",13837,12.47,1940.591,1830.572,2058.759,3320.58
"2012-09-04 23:10:00",13838,12.47,1940.627,1830.606,2058.797,3320.641
"2012-09-04 23:20:00",13839,12.47,1940.715,1830.689,2058.891,3320.792
"2012-09-04 23:30:00",13840,12.47,1940.8,1830.769,2058.981,3320.938
"2012-09-04 23:40:00",13841,12.47,1940.977,1830.936,2059.169,3321.241
"2012-09-04 23:50:00",13842,12.47,1940.99,1830.948,2059.182,3321.262
"2012-09-05 00:00:00",13843,12.46,1941.068,1831.022,2059.266,3321.397
"2012-09-05 00:10:00",13844,12.46,1941.131,1831.081,2059.332,3321.504
"2012-09-05 00:20:00",13845,12.46,1941.138,1831.089,2059.34,3321.517
"2012-09-05 00:30:00",13846,12.46,1941.095,1831.048,2059.294,3321.443
"2012-09-05 00:40:00",13847,12.46,1941.067,1831.021,2059.264,3321.395
"2012-09-05 00:50:00",13848,12.46,1941.064,1831.019,2059.261,3321.39
"2012-09-05 01:00:00",13849,12.45,1941.184,1831.132,2059.389,3321.595
"2012-09-05 01:10:00",13850,12.45,1941.156,1831.105,2059.359,3321.548
"2012-09-05 01:20:00",13851,12.45,1941.106,1831.058,2059.306,3321.462
"2012-09-05 01:30:00",13852,12.45,1941.158,1831.107,2059.361,3321.55
"2012-09-05 01:40:00",13853,12.45,1941.173,1831.121,2059.377,3321.984
"2012-09-05 01:50:00",13854,12.45,1941.09,1831.043,2059.289,3322.793
"2012-09-05 02:00:00",13855,12.45,1941.016,1830.973,2059.21,3322.666
"2012-09-05 02:10:00",13856,12.44,1940.999,1830.957,2059.193,3322.638
"2012-09-05 02:20:00",13857,12.44,1941.071,1831.025,2059.269,3322.76
"2012-09-05 02:30:00",13858,12.44,1941.155,1831.104,2059.357,3322.903
"2012-09-05 02:40:00",13859,12.44,1941.087,1831.108,2059.286,3322.788
"2012-09-05 02:50:00",13860,12.44,1940.998,1831.024,2059.191,3322.635
"2012-09-05 03:00:00",13861,12.43,1940.995,1831.837,2059.188,3322.631
"2012-09-05 03:10:00",13862,12.43,1940.906,1831.888,2059.093,3322.613
"2012-09-05 03:20:00",13863,12.43,1940.96,1832.142,2059.15,3323.045
"2012-09-05 03:30:00",13864,12.43,1940.803,1831.927,2058.984,3323.252
"2012-09-05 03:40:00",13865,12.42,1940.784,1832.112,2058.964,3323.626
"2012-09-05 03:50:00",13866,12.42,1940.701,1832.034,2058.876,3323.485
"2012-09-05 04:00:00",13867,12.42,1940.714,1832.047,2058.89,3323.507
"2012-09-05 04:10:00",13868,12.42,1940.738,1832.069,2058.915,3323.548
"2012-09-05 04:20:00",13869,12.42,1940.737,1832.068,2058.914,3323.546
"2012-09-05 04:30:00",13870,12.42,1940.759,1832.089,2058.937,3323.583
"2012-09-05 04:40:00",13871,12.42,1940.719,1832.052,2058.896,3323.516
"2012-09-05 04:50:00",13872,12.41,1940.707,1832.04,2058.883,3323.496
"2012-09-05 05:00:00",13873,12.41,1940.747,1832.078,2058.925,3323.564
"2012-09-05 05:10:00",13874,12.41,1940.728,1832.059,2058.904,3323.531
"2012-09-05 05:20:00",13875,12.41,1940.73,1832.062,2058.907,3323.534
"2012-09-05 05:30:00",13876,12.41,1940.721,1832.053,2058.897,3323.519
"2012-09-05 05:40:00",13877,12.4,1940.689,1832.023,2058.864,3323.466
"2012-09-05 05:50:00",13878,12.4,1940.674,1832.009,2058.847,3323.438
"2012-09-05 06:00:00",13879,12.4,1940.687,1832.021,2058.862,3323.462
"2012-09-05 06:10:00",13880,12.4,1940.699,1832.032,2058.874,3323.481
"2012-09-05 06:20:00",13881,12.4,1940.78,1832.109,2058.96,3323.62
"2012-09-05 06:30:00",13882,12.4,1940.787,1832.115,2058.967,3323.632
"2012-09-05 06:40:00",13883,12.39,1940.683,1832.018,2058.857,3323.455
"2012-09-05 06:50:00",13884,12.39,1940.76,1832.089,2058.938,3323.585
"2012-09-05 07:00:00",13885,12.39,1940.782,1832.11,2058.961,3323.623
"2012-09-05 07:10:00",13886,12.39,1940.673,1832.008,2058.846,3323.437
"2012-09-05 07:20:00",13887,12.39,1940.636,1831.973,2058.808,3323.375
"2012-09-05 07:30:00",13888,12.38,1940.582,1831.922,2058.75,3323.281
"2012-09-05 07:40:00",13889,12.38,1940.565,1831.906,2058.732,3323.253
"2012-09-05 07:50:00",13890,12.38,1940.561,1831.902,2058.727,3323.245
"2012-09-05 08:00:00",13891,12.38,1940.559,1832.036,2058.726,3323.242
"2012-09-05 08:10:00",13892,12.38,1940.559,1833.258,2058.861,3323.242
"2012-09-05 08:20:00",13893,12.38,1940.559,1833.258,2059.541,3324.26
"2012-09-05 08:30:00",13894,12.38,1940.436,1833.142,2059.885,3324.389
"2012-09-05 08:40:00",13895,12.38,1939.824,1832.564,2059.303,3323.34
"2012-09-05 08:50:00",13896,12.38,1939.418,1832.181,2058.873,3322.645
"2012-09-05 09:00:00",13897,12.37,1939.295,1832.065,2058.742,3322.434
"2012-09-05 09:10:00",13898,12.37,1938.784,1831.962,2058.703,3322.372
"2012-09-05 09:20:00",13899,12.39,1937.89,1832.019,2058.691,3322.352
"2012-09-05 09:30:00",13900,12.39,1937.777,1831.913,2058.572,3322.159
"2012-09-05 09:40:00",13901,12.42,1937.08,1831.254,2057.831,3320.963
"2012-09-05 09:50:00",13902,12.46,1936.722,1830.915,2057.45,3320.349
"2012-09-05 10:00:00",13903,12.48,1936.616,1830.815,2057.269,3320.167
"2012-09-05 10:10:00",13904,12.52,1935.907,1830.65,2057.237,3320.115
"2012-09-05 10:20:00",13905,12.56,1935.219,1829.556,2057.295,3320.098
"2012-09-05 10:30:00",13906,12.62,1935.216,1829.418,2057.292,3319.754
"2012-09-05 10:40:00",13907,12.62,1935.157,1829.362,2057.229,3319.992
"2012-09-05 10:50:00",13908,12.66,1934.855,1829.076,2056.907,3319.473
"2012-09-05 11:00:00",13909,12.69,1934.544,1828.782,2056.305,3318.804
"2012-09-05 11:10:00",13910,12.74,1934.119,1828.38,2055.854,3317.193
"2012-09-05 11:20:00",13911,12.78,1933.969,1828.239,2055.898,3316.597
"2012-09-05 11:30:00",13912,12.81,1933.924,1828.196,2055.918,3316.589
"2012-09-05 11:40:00",13913,12.82,1933.978,1828.318,2055.767,3316.564
"2012-09-05 11:50:00",13914,12.86,1933.771,1828.179,2054.679,3316.286
"2012-09-05 12:00:00",13915,12.93,1933.566,1828.178,2054.542,3315.132
"2012-09-05 12:10:00",13916,13.73,1932.82,1828.178,2054.542,3314.318
"2012-09-05 12:20:00",13917,14.6,1932.685,1828.178,2054.406,3313.776
"2012-09-05 12:30:00",13918,14.56,1932.549,1827.907,2054.067,3313.776
"2012-09-05 12:40:00",13919,14.67,1932.481,1828.313,2054.067,3313.505
"2012-09-05 12:50:00",13920,14.49,1932.481,1828.178,2053.593,3313.505
"2012-09-05 13:00:00",13921,14.57,1932.21,1828.178,2053.661,3312.556
"2012-09-05 13:10:00",13922,14.55,1932.007,1828.178,2053.322,3311.878
"2012-09-05 13:20:00",13923,14.39,1932.142,1828.178,2053.728,3311.201
"2012-09-05 13:30:00",13924,13.91,1931.803,1828.313,2053.593,3311.201
"2012-09-05 13:40:00",13925,14.5,1932.21,1828.11,2053.254,3311.065
"2012-09-05 13:50:00",13926,14.6,1931.194,1828.178,2053.525,3310.862
"2012-09-05 14:00:00",13927,14.56,1931.465,1828.178,2054.135,3310.32
"2012-09-05 14:10:00",13928,14.57,1932.346,1828.178,2054.542,3310.387
"2012-09-05 14:20:00",13929,14.53,1932.549,1828.178,2053.525,3309.845
"2012-09-05 14:30:00",13930,13.86,1932.481,1828.245,2054.474,3309.642
"2012-09-05 14:40:00",13931,14.28,1932.549,1828.449,2054.677,3309.845
"2012-09-05 14:50:00",13932,13.12,1932.685,1829.059,2054.542,3308.625
"2012-09-05 15:00:00",13933,13.12,1933.227,1829.533,2054.542,3308.829
"2012-09-05 15:10:00",13934,12.92,1933.363,1829.669,2054.542,3308.829
"2012-09-05 15:20:00",13935,12.81,1932.617,1829.127,2054.609,3308.354
"2012-09-05 15:30:00",13936,12.74,1933.024,1828.991,2054.542,3308.354
"2012-09-05 15:40:00",13937,12.69,1932.549,1828.178,2054.542,3308.287
"2012-09-05 15:50:00",13938,12.68,1933.905,1828.991,2054.813,3308.219
"2012-09-05 16:00:00",13939,12.64,1933.905,1829.533,2054.542,3308.354
"2012-09-05 16:10:00",13940,12.63,1933.701,1829.059,2055.084,3308.422
"2012-09-05 16:20:00",13941,12.62,1933.905,1829.398,2055.626,3308.287
"2012-09-05 16:30:00",13942,12.6,1933.905,1829.533,2055.626,3308.016
"2012-09-05 16:40:00",13943,12.59,1933.905,1829.533,2055.761,3308.151
"2012-09-05 16:50:00",13944,12.59,1933.905,1829.533,2055.626,3307.88
"2012-09-05 17:00:00",13945,12.58,1934.176,1829.533,2055.897,3307.812
"2012-09-05 17:10:00",13946,12.57,1934.65,1829.804,2055.897,3307.88
"2012-09-05 17:20:00",13947,12.57,1935.464,1829.737,2055.897,3307.88
"2012-09-05 17:30:00",13948,12.56,1935.26,1830.143,2055.897,3307.88
"2012-09-05 17:40:00",13949,12.56,1936.174,1830.442,2056.004,3308.323
"2012-09-05 17:50:00",13950,12.56,1936.216,1831.145,2056.337,3308.994
"2012-09-05 18:00:00",13951,12.55,1937.13,1830.829,2056.516,3309.35
"2012-09-05 18:10:00",13952,12.55,1936.749,1830.514,2056.678,3309.325
"2012-09-05 18:20:00",13953,12.55,1937.559,1831.713,2057.577,3310.102
"2012-09-05 18:30:00",13954,12.54,1937.772,1831.982,2058.21,3310.331
"2012-09-05 18:40:00",13955,12.54,1937.88,1832.084,2058.596,3310.515
"2012-09-05 18:50:00",13956,12.54,1937.913,1832.115,2058.631,3310.572
"2012-09-05 19:00:00",13957,12.54,1939.212,1832.125,2058.642,3310.589
"2012-09-05 19:10:00",13958,12.53,1939.283,1832.196,2058.645,3310.594
"2012-09-05 19:20:00",13959,12.53,1939.284,1832.129,2058.646,3310.596
"2012-09-05 19:30:00",13960,12.53,1939.284,1832.129,2058.646,3310.596
"2012-09-05 19:40:00",13961,12.53,1939.284,1832.197,2058.646,3310.596
"2012-09-05 19:50:00",13962,12.53,1939.284,1832.129,2058.646,3310.596
"2012-09-05 20:00:00",13963,12.53,1939.284,1832.129,2058.646,3310.596
"2012-09-05 20:10:00",13964,12.53,1939.284,1832.129,2058.646,3310.596
"2012-09-05 20:20:00",13965,12.52,1939.284,1832.129,2058.646,3311.816
"2012-09-05 20:30:00",13966,12.52,1939.284,1832.129,2058.646,3311.952
"2012-09-05 20:40:00",13967,12.52,1939.284,1832.197,2058.646,3311.952
"2012-09-05 20:50:00",13968,12.51,1939.284,1832.197,2058.646,3311.952
"2012-09-05 21:00:00",13969,12.51,1939.284,1833.078,2058.646,3311.952
"2012-09-05 21:10:00",13970,12.51,1939.284,1833.417,2058.646,3312.02
"2012-09-05 21:20:00",13971,12.51,1939.284,1833.485,2058.646,3312.63
"2012-09-05 21:30:00",13972,12.51,1939.284,1833.485,2058.782,3313.241
"2012-09-05 21:40:00",13973,12.51,1940.233,1833.485,2059.121,3313.309
"2012-09-05 21:50:00",13974,12.51,1940.572,1833.214,2058.646,3313.309
"2012-09-05 22:00:00",13975,12.5,1940.572,1832.332,2058.646,3313.309
"2012-09-05 22:10:00",13976,12.5,1940.572,1832.197,2058.646,3313.309
"2012-09-05 22:20:00",13977,12.5,1940.64,1832.468,2058.917,3313.444
"2012-09-05 22:30:00",13978,12.5,1940.659,1833.503,2059.615,3313.34
"2012-09-05 22:40:00",13979,12.5,1940.732,1833.572,2059.422,3313.602
"2012-09-05 22:50:00",13980,12.5,1940.695,1833.536,2059.925,3313.808
"2012-09-05 23:00:00",13981,12.49,1940.657,1833.501,2059.953,3314.083
"2012-09-05 23:10:00",13982,12.49,1940.646,1833.49,2060.008,3314.674
"2012-09-05 23:20:00",13983,12.49,1940.642,1833.487,2060.004,3314.668
"2012-09-05 23:30:00",13984,12.49,1940.505,1833.554,2059.868,3314.667
"2012-09-05 23:40:00",13985,12.49,1940.709,1833.757,2060.003,3314.938
"2012-09-05 23:50:00",13986,12.49,1940.777,1833.893,2060.071,3314.938
"2012-09-06 00:00:00",13987,12.49,1940.234,1833.757,2060.003,3315.073
"2012-09-06 00:10:00",13988,12.49,1940.777,1834.503,2060.003,3314.734
"2012-09-06 00:20:00",13989,12.49,1940.573,1834.028,2060.003,3314.666
"2012-09-06 00:30:00",13990,12.49,1940.844,1834.232,2060.003,3314.938
"2012-09-06 00:40:00",13991,12.48,1940.505,1833.689,2059.868,3314.598
"2012-09-06 00:50:00",13992,12.48,1940.641,1833.486,2059.664,3314.938
"2012-09-06 01:00:00",13993,12.48,1940.641,1833.554,2059.8,3314.734
"2012-09-06 01:10:00",13994,12.48,1940.641,1833.486,2059.393,3314.462
"2012-09-06 01:20:00",13995,12.47,1940.576,1833.552,2059.671,3314.99
"2012-09-06 01:30:00",13996,12.47,1940.734,1833.703,2059.433,3315.465
"2012-09-06 01:40:00",13997,12.47,1941.032,1833.856,2059.469,3316.353
"2012-09-06 01:50:00",13998,12.47,1941.306,1834.114,2059.42,3317.159
"2012-09-06 02:00:00",13999,12.47,1941.655,1834.444,2059.722,3317.687
"2012-09-06 02:10:00",14000,12.47,1941.868,1834.645,2059.948,3318.119
"2012-09-06 02:20:00",14001,12.47,1941.931,1834.704,2060.015,3318.227
"2012-09-06 02:30:00",14002,12.46,1941.948,1834.721,2060.034,3318.257
"2012-09-06 02:40:00",14003,12.46,1942.294,1834.727,2060.041,3318.268
"2012-09-06 02:50:00",14004,12.46,1943.313,1834.932,2060.042,3318.746
"2012-09-06 03:00:00",14005,12.46,1943.314,1834.865,2060.042,3319.493
"2012-09-06 03:10:00",14006,12.46,1943.314,1834.729,2060.042,3319.628
"2012-09-06 03:20:00",14007,12.45,1943.314,1835.204,2060.178,3319.628
"2012-09-06 03:30:00",14008,12.45,1943.314,1835.747,2060.314,3320.171
"2012-09-06 03:40:00",14009,12.45,1943.314,1836.086,2060.518,3320.986
"2012-09-06 03:50:00",14010,12.45,1943.314,1836.086,2061.4,3320.986
"2012-09-06 04:00:00",14011,12.45,1943.314,1836.086,2061.4,3320.986
"2012-09-06 04:10:00",14012,12.44,1943.517,1836.357,2061.4,3320.986
"2012-09-06 04:20:00",14013,12.44,1943.314,1836.493,2061.4,3320.986
"2012-09-06 04:30:00",14014,12.44,1943.314,1836.154,2061.4,3321.053
"2012-09-06 04:40:00",14015,12.43,1943.314,1836.561,2061.4,3321.257
"2012-09-06 04:50:00",14016,12.43,1943.314,1836.493,2061.4,3321.596
"2012-09-06 05:00:00",14017,12.43,1943.585,1836.425,2061.196,3322.139
"2012-09-06 05:10:00",14018,12.43,1943.449,1836.765,2061.4,3322.072
"2012-09-06 05:20:00",14019,12.43,1943.178,1836.832,2061.536,3322.275
"2012-09-06 05:30:00",14020,12.43,1943.11,1836.629,2060.993,3321.868
"2012-09-06 05:40:00",14021,12.42,1942.771,1836.086,2061.196,3322.003
"2012-09-06 05:50:00",14022,12.42,1942.431,1836.222,2060.789,3321.868
"2012-09-06 06:00:00",14023,12.42,1942.431,1836.086,2060.857,3321.732
"2012-09-06 06:10:00",14024,12.42,1942.499,1836.086,2060.721,3321.393
"2012-09-06 06:20:00",14025,12.41,1941.753,1835.95,2060.178,3321.257
"2012-09-06 06:30:00",14026,12.41,1941.549,1835.475,2060.518,3320.917
"2012-09-06 06:40:00",14027,12.41,1941.617,1836.086,2060.042,3320.986
"2012-09-06 06:50:00",14028,12.41,1941.413,1835.679,2060.042,3320.986
"2012-09-06 07:00:00",14029,12.4,1940.87,1834.932,2059.907,3320.51
"2012-09-06 07:10:00",14030,12.4,1940.463,1834.661,2059.092,3319.9
"2012-09-06 07:20:00",14031,12.4,1940.056,1834.729,2058.957,3319.493
"2012-09-06 07:30:00",14032,12.4,1939.649,1834.729,2058.753,3318.814
"2012-09-06 07:40:00",14033,12.39,1938.97,1834.457,2058.685,3318.814
"2012-09-06 07:50:00",14034,12.39,1938.767,1834.593,2058.957,3318.271
"2012-09-06 08:00:00",14035,12.39,1937.749,1834.05,2058.685,3318.678
"2012-09-06 08:10:00",14036,12.39,1937.884,1834.322,2058.414,3318.135
"2012-09-06 08:20:00",14037,12.39,1937.342,1833.643,2058.21,3317.999
"2012-09-06 08:30:00",14038,12.39,1937.545,1833.236,2058.278,3317.457
"2012-09-06 08:40:00",14039,12.39,1937.138,1833.507,2057.599,3317.253
"2012-09-06 08:50:00",14040,12.39,1936.323,1832.828,2057.463,3316.846
"2012-09-06 09:00:00",14041,12.38,1936.527,1833.1,2057.328,3316.235
"2012-09-06 09:10:00",14042,12.37,1935.92,1832.632,2057.396,3315.99
"2012-09-06 09:20:00",14043,12.39,1935.918,1832.438,2056.906,3315.162
"2012-09-06 09:30:00",14044,12.4,1935.777,1832.254,2056.395,3314.204
"2012-09-06 09:40:00",14045,12.44,1934.502,1831.543,2055.91,3313.87
"2012-09-06 09:50:00",14046,12.44,1934.926,1831.024,2055.309,3313.124
"2012-09-06 10:00:00",14047,12.5,1934.552,1830.991,2055.815,3313.404
"2012-09-06 10:10:00",14048,12.53,1933.999,1830.777,2055.6,3313.317
"2012-09-06 10:20:00",14049,12.58,1933.86,1830.638,2055.8,3313.312
"2012-09-06 10:30:00",14050,12.59,1933.859,1830.366,2055.459,3313.717
"2012-09-06 10:40:00",14051,12.61,1933.452,1830.434,2054.985,3313.31
"2012-09-06 10:50:00",14052,12.66,1933.113,1830.773,2055.256,3313.445
"2012-09-06 11:00:00",14053,12.68,1932.706,1829.891,2054.985,3313.31
"2012-09-06 11:10:00",14054,12.73,1932.586,1830.452,2054.793,3312.948
"2012-09-06 11:20:00",14055,12.77,1932.711,1829.979,2054.77,3312.718
"2012-09-06 11:30:00",14056,12.79,1932.065,1829.81,2054.936,3312.25
"2012-09-06 11:40:00",14057,12.83,1932.479,1830.011,2054.408,3311.68
"2012-09-06 11:50:00",14058,12.96,1931.976,1829.782,2054.378,3311.361
"2012-09-06 12:00:00",14059,13.08,1932,1829.409,2054.188,3310.782
"2012-09-06 12:10:00",14060,14.17,1931.986,1829.334,2054.028,3310.728
"2012-09-06 12:20:00",14061,14.69,1932.026,1829.583,2053.792,3310.159
"2012-09-06 12:30:00",14062,14.55,1931.429,1828.853,2053.733,3309.522
"2012-09-06 12:40:00",14063,14.53,1931.432,1829.616,2053.448,3308.928
"2012-09-06 12:50:00",14064,14.58,1931.345,1828.931,2053.144,3308.411
"2012-09-06 13:00:00",14065,14.62,1931.104,1828.695,2053.031,3308.432
"2012-09-06 13:10:00",14066,14.67,1931.207,1829.14,2052.998,3307.768
"2012-09-06 13:20:00",14067,14.26,1931.198,1828.317,2052.987,3306.938
"2012-09-06 13:30:00",14068,14.11,1931.262,1828.721,2053.12,3307.068
"2012-09-06 13:40:00",14069,14.63,1931.668,1829.398,2053.051,3307.134
"2012-09-06 13:50:00",14070,14.58,1931.6,1829.194,2053.186,3306.592
"2012-09-06 14:00:00",14071,14.55,1931.465,1829.737,2053.186,3306.389
"2012-09-06 14:10:00",14072,14.58,1931.465,1829.398,2053.186,3306.592
"2012-09-06 14:20:00",14073,14.55,1931.194,1828.788,2053.051,3305.915
"2012-09-06 14:30:00",14074,13.63,1931.194,1828.652,2052.983,3305.711
"2012-09-06 14:40:00",14075,14.29,1931.465,1829.533,2053.186,3305.643
"2012-09-06 14:50:00",14076,13.08,1931.194,1829.398,2053.186,3305.643
"2012-09-06 15:00:00",14077,13.04,1930.99,1829.533,2053.051,3305.44
"2012-09-06 15:10:00",14078,12.79,1930.922,1828.72,2053.186,3305.169
"2012-09-06 15:20:00",14079,12.73,1931.126,1828.245,2053.186,3304.356
"2012-09-06 15:30:00",14080,12.69,1931.194,1828.923,2053.186,3304.288
"2012-09-06 15:40:00",14081,12.66,1931.194,1828.584,2053.186,3304.152
"2012-09-06 15:50:00",14082,12.65,1931.194,1828.178,2052.915,3303.746
"2012-09-06 16:00:00",14083,12.64,1931.194,1828.178,2053.118,3303.949
"2012-09-06 16:10:00",14084,12.62,1930.787,1828.042,2053.051,3303.339
"2012-09-06 16:20:00",14085,12.61,1931.058,1828.313,2053.186,3303.204
"2012-09-06 16:30:00",14086,12.6,1931.702,1828.944,2053.167,3303.473
"2012-09-06 16:40:00",14087,12.59,1932.055,1829.553,2053.742,3303.826
"2012-09-06 16:50:00",14088,12.59,1932.172,1829.597,2053.866,3304.027
"2012-09-06 17:00:00",14089,12.58,1932.804,1830.01,2054.178,3304.324
"2012-09-06 17:10:00",14090,12.58,1933.65,1830.233,2054.36,3304.863
"2012-09-06 17:20:00",14091,12.57,1933.68,1830.732,2054.532,3304.555
"2012-09-06 17:30:00",14092,12.57,1933.981,1830.76,2054.564,3304.538
"2012-09-06 17:40:00",14093,12.57,1933.922,1830.769,2054.573,3304.35
"2012-09-06 17:50:00",14094,12.56,1934.807,1830.772,2054.576,3305.169
"2012-09-06 18:00:00",14095,12.56,1935.215,1830.772,2054.577,3305.102
"2012-09-06 18:10:00",14096,12.56,1935.215,1830.772,2054.577,3305.102
"2012-09-06 18:20:00",14097,12.55,1935.215,1830.772,2054.577,3304.967
"2012-09-06 18:30:00",14098,12.55,1935.215,1830.908,2054.577,3305.035
"2012-09-06 18:40:00",14099,12.55,1935.282,1831.451,2054.645,3305.17
"2012-09-06 18:50:00",14100,12.54,1935.215,1831.858,2054.577,3305.17
"2012-09-06 19:00:00",14101,12.54,1935.226,1832.14,2054.59,3305.19
"2012-09-06 19:10:00",14102,12.54,1935.426,1832.061,2055,3305.415
"2012-09-06 19:20:00",14103,12.54,1935.625,1832.178,2055.216,3305.871
"2012-09-06 19:30:00",14104,12.54,1936.058,1832.317,2055.948,3306.611
"2012-09-06 19:40:00",14105,12.53,1936.442,1832.48,2055.944,3307.151
"2012-09-06 19:50:00",14106,12.53,1937.16,1832.31,2056.329,3307.334
"2012-09-06 20:00:00",14107,12.53,1937.26,1832.341,2056.16,3307.796
"2012-09-06 20:10:00",14108,12.53,1937.134,1832.418,2056.034,3307.881
"2012-09-06 20:20:00",14109,12.53,1937.544,1832.353,2056.038,3308.633
"2012-09-06 20:30:00",14110,12.52,1937.817,1832.896,2056.378,3308.77
"2012-09-06 20:40:00",14111,12.52,1937.884,1833.032,2056.174,3308.77
"2012-09-06 20:50:00",14112,12.52,1937.884,1833.1,2056.242,3308.77
"2012-09-06 21:00:00",14113,12.52,1937.884,1832.896,2056.106,3309.448
"2012-09-06 21:10:00",14114,12.52,1937.921,1833.203,2056.756,3310.19
"2012-09-06 21:20:00",14115,12.52,1938.124,1833.598,2057.175,3310.536
"2012-09-06 21:30:00",14116,12.51,1938.333,1833.728,2056.786,3310.894
"2012-09-06 21:40:00",14117,12.51,1938.498,1833.952,2056.826,3311.176
"2012-09-06 21:50:00",14118,12.51,1938.646,1834.092,2056.982,3311.427
"2012-09-06 22:00:00",14119,12.51,1938.825,1834.261,2057.037,3311.734
"2012-09-06 22:10:00",14120,12.5,1939.005,1834.432,2057.296,3312.042
"2012-09-06 22:20:00",14121,12.51,1939.139,1834.558,2057.302,3312.271
"2012-09-06 22:30:00",14122,12.51,1939.181,1834.598,2057.347,3312.886
"2012-09-06 22:40:00",14123,12.5,1939.195,1834.611,2057.361,3313.724
"2012-09-06 22:50:00",14124,12.5,1939.199,1834.615,2057.365,3313.731
"2012-09-06 23:00:00",14125,12.5,1939.2,1834.616,2057.366,3313.733
"2012-09-06 23:10:00",14126,12.5,1939.2,1834.616,2057.366,3313.733
"2012-09-06 23:20:00",14127,12.5,1939.2,1834.616,2057.366,3314.141
"2012-09-06 23:30:00",14128,12.49,1939.2,1834.616,2057.366,3314.684
"2012-09-06 23:40:00",14129,12.49,1939.2,1834.616,2057.366,3314.684
"2012-09-06 23:50:00",14130,12.49,1939.2,1834.616,2057.366,3315.023
"2012-09-07 00:00:00",14131,12.49,1939.2,1834.616,2057.366,3315.091
"2012-09-07 00:10:00",14132,12.49,1939.2,1834.616,2057.434,3315.091
"2012-09-07 00:20:00",14133,12.49,1939.2,1834.616,2057.366,3315.091
"2012-09-07 00:30:00",14134,12.49,1939.2,1834.616,2057.366,3315.091
"2012-09-07 00:40:00",14135,12.48,1939.2,1834.616,2057.434,3315.091
"2012-09-07 00:50:00",14136,12.48,1939.2,1834.616,2057.434,3315.499
"2012-09-07 01:00:00",14137,12.48,1939.2,1834.616,2057.366,3316.246
"2012-09-07 01:10:00",14138,12.48,1939.2,1834.616,2057.366,3316.45
"2012-09-07 01:20:00",14139,12.48,1939.2,1834.616,2057.366,3316.45
"2012-09-07 01:30:00",14140,12.47,1939.2,1834.616,2057.366,3316.45
"2012-09-07 01:40:00",14141,12.47,1940.49,1834.616,2057.638,3316.993
"2012-09-07 01:50:00",14142,12.47,1940.422,1834.616,2058.521,3317.808
"2012-09-07 02:00:00",14143,12.47,1940.558,1834.888,2058.725,3317.808
"2012-09-07 02:10:00",14144,12.47,1940.416,1835.968,2058.718,3317.796
"2012-09-07 02:20:00",14145,12.47,1940.104,1835.673,2058.387,3317.264
"2012-09-07 02:30:00",14146,12.46,1939.477,1835.208,2057.866,3316.423
"2012-09-07 02:40:00",14147,12.46,1939.418,1834.964,2057.515,3315.994
"2012-09-07 02:50:00",14148,12.46,1939.296,1834.78,2058.131,3315.988
"2012-09-07 03:00:00",14149,12.46,1939.258,1834.812,2058.499,3316.195
"2012-09-07 03:10:00",14150,12.46,1939.247,1834.598,2058.488,3316.448
"2012-09-07 03:20:00",14151,12.46,1939.244,1834.731,2058.62,3316.713
"2012-09-07 03:30:00",14152,12.46,1939.243,1835.477,2058.687,3316.577
"2012-09-07 03:40:00",14153,12.46,1939.243,1835.544,2058.551,3316.305
"2012-09-07 03:50:00",14154,12.45,1939.243,1836.02,2058.619,3316.577
"2012-09-07 04:00:00",14155,12.45,1939.243,1835.748,2058.687,3315.966
"2012-09-07 04:10:00",14156,12.45,1939.243,1835.748,2058.687,3315.695
"2012-09-07 04:20:00",14157,12.45,1939.243,1835.816,2058.687,3315.83
"2012-09-07 04:30:00",14158,12.44,1939.243,1835.341,2058.687,3315.966
"2012-09-07 04:40:00",14159,12.44,1939.243,1835.884,2058.483,3316.169
"2012-09-07 04:50:00",14160,12.44,1939.243,1836.087,2058.347,3315.83
"2012-09-07 05:00:00",14161,12.44,1939.243,1836.087,2058.483,3315.626
"2012-09-07 05:10:00",14162,12.44,1939.243,1836.087,2058.415,3315.695
"2012-09-07 05:20:00",14163,12.44,1939.243,1835.748,2058.211,3315.626
"2012-09-07 05:30:00",14164,12.43,1939.243,1835.816,2058.144,3315.559
"2012-09-07 05:40:00",14165,12.43,1939.379,1835.816,2058.415,3315.695
"2012-09-07 05:50:00",14166,12.43,1939.243,1835.816,2058.347,3315.626
"2012-09-07 06:00:00",14167,12.43,1939.243,1835.816,2058.347,3315.626
"2012-09-07 06:10:00",14168,12.43,1939.243,1835.952,2057.737,3315.762
"2012-09-07 06:20:00",14169,12.43,1939.243,1835.952,2058.008,3315.559
"2012-09-07 06:30:00",14170,12.42,1939.107,1835.816,2058.144,3315.626
"2012-09-07 06:40:00",14171,12.42,1939.107,1835.816,2057.737,3315.423
"2012-09-07 06:50:00",14172,12.42,1938.972,1834.934,2057.533,3315.491
"2012-09-07 07:00:00",14173,12.42,1937.886,1835.205,2057.194,3314.676
"2012-09-07 07:10:00",14174,12.41,1937.75,1834.73,2056.922,3314.473
"2012-09-07 07:20:00",14175,12.41,1936.8,1834.594,2056.311,3314.337
"2012-09-07 07:30:00",14176,12.41,1936.529,1834.594,2056.515,3313.319
"2012-09-07 07:40:00",14177,12.41,1936.529,1834.594,2055.972,3313.658
"2012-09-07 07:50:00",14178,12.41,1936.393,1833.983,2055.701,3312.98
"2012-09-07 08:00:00",14179,12.4,1935.918,1834.391,2055.972,3312.708
"2012-09-07 08:10:00",14180,12.4,1936.121,1834.187,2055.972,3312.844
"2012-09-07 08:20:00",14181,12.4,1936.529,1833.78,2055.836,3312.844
"2012-09-07 08:30:00",14182,12.4,1936.393,1833.644,2055.972,3312.844
"2012-09-07 08:40:00",14183,12.41,1936.257,1833.508,2055.972,3312.844
"2012-09-07 08:50:00",14184,12.41,1936.325,1833.508,2055.701,3312.708
"2012-09-07 09:00:00",14185,12.41,1936.257,1833.508,2055.972,3313.115
"2012-09-07 09:10:00",14186,12.4,1935.986,1833.441,2055.836,3312.98
"2012-09-07 09:20:00",14187,12.41,1935.443,1833.373,2055.633,3312.708
"2012-09-07 09:30:00",14188,12.45,1935.782,1833.441,2055.972,3312.98
"2012-09-07 09:40:00",14189,12.45,1935.986,1833.508,2055.633,3312.844
"2012-09-07 09:50:00",14190,12.5,1935.404,1832.996,2055.795,3312.913
"2012-09-07 10:00:00",14191,12.55,1935.105,1832.917,2055.207,3312.334
"2012-09-07 10:10:00",14192,12.63,1934.705,1832.667,2055.333,3311.339
"2012-09-07 10:20:00",14193,12.66,1934.188,1832.234,2054.999,3311.005
"2012-09-07 10:30:00",14194,12.74,1933.848,1831.77,2053.901,3310.656
"2012-09-07 10:40:00",14195,12.72,1933.407,1832.148,2053.318,3310.752
"2012-09-07 10:50:00",14196,12.73,1933.802,1832.204,2053.304,3310.731
"2012-09-07 11:00:00",14197,12.93,1933.717,1831.973,2053.503,3310.711
"2012-09-07 11:10:00",14198,12.94,1933.747,1831.859,2053.679,3310.453
"2012-09-07 11:20:00",14199,13.06,1933.708,1832.358,2053.782,3310.619
"2012-09-07 11:30:00",14200,13.02,1932.979,1831.896,2053.465,3310.764
"2012-09-07 11:40:00",14201,13.05,1932.737,1831.652,2053.632,3310.882
"2012-09-07 11:50:00",14202,13.5,1933.495,1831.935,2053.373,3310.361
"2012-09-07 12:00:00",14203,13.7,1933.346,1832.119,2053.367,3310.434
"2012-09-07 12:10:00",14204,14.63,1933.293,1831.986,2053.599,3310.943
"2012-09-07 12:20:00",14205,13.74,1934.293,1832.445,2053.173,3311.117
"2012-09-07 12:30:00",14206,13.39,1934.366,1831.842,2053.242,3310.738
"2012-09-07 12:40:00",14207,13.03,1933.602,1832.101,2053.016,3310.592
"2012-09-07 12:50:00",14208,14.36,1934.074,1831.815,2052.957,3310.866
"2012-09-07 13:00:00",14209,14.53,1934.377,1833.127,2053.135,3311.56
"2012-09-07 13:10:00",14210,13.05,1934.511,1832.987,2053.68,3311.674
"2012-09-07 13:20:00",14211,13.11,1934.391,1832.662,2053.358,3310.818
"2012-09-07 13:30:00",14212,14.41,1933.913,1832.117,2053.083,3310.746
"2012-09-07 13:40:00",14213,14.61,1934.481,1832.683,2053.246,3310.518
"2012-09-07 13:50:00",14214,14.56,1935.099,1832.962,2053.253,3310.462
"2012-09-07 14:00:00",14215,14.51,1935.131,1833.063,2054.097,3310.739
"2012-09-07 14:10:00",14216,14.39,1935.807,1833.06,2053.823,3311.073
"2012-09-07 14:20:00",14217,13.27,1934.86,1833.068,2053.144,3310.353
"2012-09-07 14:30:00",14218,12.81,1934.915,1832.723,2053.393,3310.099
"2012-09-07 14:40:00",14219,13.44,1934.472,1832.685,2053.155,3310.084
