"TOA5","Kanga_Sap03F","CR1000","33602","CR1000.Std.19","CPU:UTS_SAP02_3F_Dendro24hrMinMaxHMP45.cr1","11683","DendroTenMinOutput"
"TIMESTAMP","RECORD","Batt_Volt_Avg","Dendro_Avg(1)","Dendro_Avg(2)","Dendro_Avg(3)","Dendro_Avg(4)"
"TS","RN","Volts","mV","mV","mV","mV"
"","","Avg","Avg","Avg","Avg","Avg"
"2012-10-16 10:30:00",19810,12.49,1966.709,1904.086,2066.743,3397.818
"2012-10-16 10:40:00",19811,12.41,1966.843,1904.085,2066.741,3397.816
"2012-10-16 10:50:00",19812,12.57,1967.724,1904.084,2066.741,3397.273
"2012-10-16 11:00:00",19813,12.78,1967.656,1904.152,2066.741,3396.46
"2012-10-16 11:10:00",19814,12.76,1967.791,1904.084,2066.741,3396.46
"2012-10-16 11:20:00",19815,12.67,1967.791,1904.152,2067.148,3396.46
"2012-10-16 11:30:00",19816,12.95,1967.588,1904.22,2068.097,3396.392
"2012-10-16 11:40:00",19817,12.76,1967.791,1904.084,2068.097,3395.986
"2012-10-16 11:50:00",19818,13.25,1967.588,1904.084,2068.097,3395.105
"2012-10-16 12:00:00",19819,13.55,1967.785,1904.213,2068.09,3395.093
"2012-10-16 12:10:00",19820,13.94,1967.289,1904.199,2067.854,3394.706
"2012-10-16 12:20:00",19821,14.6,1966.586,1903.516,2067.253,3393.609
"2012-10-16 12:30:00",19822,14.5,1966.398,1904.152,2066.981,3392.982
"2012-10-16 12:40:00",19823,13.4,1966.504,1903.922,2067.962,3392.882
"2012-10-16 12:50:00",19824,13.58,1966.472,1904.162,2067.32,3392.354
"2012-10-16 13:00:00",19825,13.26,1966.463,1904.154,2067.446,3391.864
"2012-10-16 13:10:00",19826,13.22,1966.799,1904.151,2068.052,3391.995
"2012-10-16 13:20:00",19827,13.73,1967.34,1904.082,2068.051,3391.655
"2012-10-16 13:30:00",19828,13.48,1967.611,1904.15,2068.051,3391.452
"2012-10-16 13:40:00",19829,13.96,1967.746,1904.15,2068.051,3391.249
"2012-10-16 13:50:00",19830,13.5,1967.814,1904.15,2068.051,3391.249
"2012-10-16 14:00:00",19831,13.03,1967.476,1904.15,2068.051,3390.232
"2012-10-16 14:10:00",19832,12.82,1967.814,1904.15,2068.051,3390.165
"2012-10-16 14:20:00",19833,12.71,1967.814,1904.15,2068.051,3390.097
"2012-10-16 14:30:00",19834,13.93,1967.814,1904.15,2068.051,3390.097
"2012-10-16 14:40:00",19835,13.09,1967.814,1904.218,2068.051,3390.097
"2012-10-16 14:50:00",19836,12.86,1967.814,1904.827,2068.322,3390.097
"2012-10-16 15:00:00",19837,12.77,1967.814,1905.031,2068.864,3390.097
"2012-10-16 15:10:00",19838,12.68,1967.814,1905.505,2069.135,3390.097
"2012-10-16 15:20:00",19839,12.62,1967.814,1905.505,2069.338,3390.097
"2012-10-16 15:30:00",19840,12.6,1968.898,1905.505,2069.406,3390.097
"2012-10-16 15:40:00",19841,12.57,1969.169,1905.505,2069.406,3390.097
"2012-10-16 15:50:00",19842,12.58,1969.44,1905.505,2069.406,3390.097
"2012-10-16 16:00:00",19843,12.58,1968.491,1905.505,2069.203,3388.81
"2012-10-16 16:10:00",19844,12.57,1968.356,1905.505,2069.406,3388.743
"2012-10-16 16:20:00",19845,12.55,1969.033,1905.505,2069.406,3388.743
"2012-10-16 16:30:00",19846,12.52,1969.304,1905.505,2069.406,3388.743
"2012-10-16 16:40:00",19847,12.51,1969.169,1905.505,2069.406,3388.743
"2012-10-16 16:50:00",19848,12.49,1969.169,1905.437,2069.406,3387.659
"2012-10-16 17:00:00",19849,12.49,1969.033,1905.505,2069.406,3387.388
"2012-10-16 17:10:00",19850,12.47,1969.169,1905.505,2069.406,3387.388
"2012-10-16 17:20:00",19851,12.46,1969.169,1905.505,2069.406,3387.388
"2012-10-16 17:30:00",19852,12.45,1969.169,1905.505,2069.406,3387.388
"2012-10-16 17:40:00",19853,12.45,1969.575,1905.505,2069.406,3387.388
"2012-10-16 17:50:00",19854,12.44,1970.523,1905.505,2069.406,3387.388
"2012-10-16 18:00:00",19855,12.44,1970.774,1905.747,2069.941,3387.82
"2012-10-16 18:10:00",19856,12.43,1971.141,1906.102,2070.596,3388.45
"2012-10-16 18:20:00",19857,12.43,1971.621,1906.566,2071.643,3389.275
"2012-10-16 18:30:00",19858,12.43,1971.787,1906.727,2072.021,3389.561
"2012-10-16 18:40:00",19859,12.42,1971.836,1906.774,2072.14,3390.866
"2012-10-16 18:50:00",19860,12.43,1971.919,1906.789,2072.156,3391.027
"2012-10-16 19:00:00",19861,12.42,1971.991,1906.861,2072.161,3391.034
"2012-10-16 19:10:00",19862,12.42,1973.145,1906.794,2072.162,3391.036
"2012-10-16 19:20:00",19863,12.42,1973.213,1906.862,2072.162,3391.511
"2012-10-16 19:30:00",19864,12.41,1973.356,1907.34,2072.313,3392.165
"2012-10-16 19:40:00",19865,12.41,1973.698,1908.416,2072.671,3393.227
"2012-10-16 19:50:00",19866,12.41,1973.827,1908.744,2072.808,3393.45
"2012-10-16 20:00:00",19867,12.41,1974.134,1909.041,2073.13,3393.977
"2012-10-16 20:10:00",19868,12.41,1974.409,1909.307,2073.419,3394.45
"2012-10-16 20:20:00",19869,12.4,1975.187,1909.403,2073.523,3394.621
"2012-10-16 20:30:00",19870,12.4,1975.42,1909.431,2073.554,3394.739
"2012-10-16 20:40:00",19871,12.4,1975.767,1909.44,2073.563,3394.686
"2012-10-16 20:50:00",19872,12.4,1975.838,1909.442,2073.566,3394.759
"2012-10-16 21:00:00",19873,12.4,1975.906,1909.443,2073.567,3395.709
"2012-10-16 21:10:00",19874,12.39,1975.906,1909.443,2073.567,3396.048
"2012-10-16 21:20:00",19875,12.39,1975.906,1909.443,2073.567,3396.048
"2012-10-16 21:30:00",19876,12.39,1975.906,1909.443,2073.567,3396.048
"2012-10-16 21:40:00",19877,12.39,1975.906,1909.443,2073.567,3396.794
"2012-10-16 21:50:00",19878,12.39,1975.906,1909.443,2073.567,3397.134
"2012-10-16 22:00:00",19879,12.38,1975.906,1909.443,2073.567,3397.337
"2012-10-16 22:10:00",19880,12.38,1975.906,1909.443,2073.567,3397.405
"2012-10-16 22:20:00",19881,12.38,1975.906,1909.443,2073.567,3397.405
"2012-10-16 22:30:00",19882,12.38,1975.906,1909.443,2073.567,3397.405
"2012-10-16 22:40:00",19883,12.38,1975.906,1909.443,2073.567,3397.405
"2012-10-16 22:50:00",19884,12.37,1975.906,1909.443,2073.567,3397.405
"2012-10-16 23:00:00",19885,12.37,1975.906,1909.443,2073.567,3397.405
"2012-10-16 23:10:00",19886,12.37,1975.906,1909.443,2073.567,3397.405
"2012-10-16 23:20:00",19887,12.37,1975.906,1909.443,2073.567,3397.405
"2012-10-16 23:30:00",19888,12.36,1975.906,1909.443,2073.567,3397.405
"2012-10-16 23:40:00",19889,12.36,1975.906,1909.443,2073.567,3397.405
"2012-10-16 23:50:00",19890,12.36,1975.906,1909.443,2073.567,3397.405
"2012-10-17 00:00:00",19891,12.36,1975.906,1909.443,2073.567,3397.405
"2012-10-17 00:10:00",19892,12.36,1976.044,1909.577,2073.711,3397.642
"2012-10-17 00:20:00",19893,12.35,1976.215,1909.741,2073.89,3397.936
"2012-10-17 00:30:00",19894,12.35,1976.383,1909.904,2073.931,3398.225
"2012-10-17 00:40:00",19895,12.35,1976.538,1910.054,2073.687,3398.492
"2012-10-17 00:50:00",19896,12.35,1976.515,1910.294,2074.016,3398.919
"2012-10-17 01:00:00",19897,12.34,1976.819,1910.522,2073.924,3399.324
"2012-10-17 01:10:00",19898,12.34,1976.904,1910.669,2074.084,3399.587
"2012-10-17 01:20:00",19899,12.34,1977.157,1910.717,2074.271,3399.808
"2012-10-17 01:30:00",19900,12.34,1976.901,1910.732,2074.22,3400.581
"2012-10-17 01:40:00",19901,12.34,1977.177,1910.737,2074.157,3400.589
"2012-10-17 01:50:00",19902,12.33,1977.246,1910.738,2074.294,3400.32
"2012-10-17 02:00:00",19903,12.33,1977.246,1910.738,2074.023,3400.999
"2012-10-17 02:10:00",19904,12.33,1977.246,1910.738,2073.955,3401.067
"2012-10-17 02:20:00",19905,12.32,1977.246,1910.738,2073.819,3401.067
"2012-10-17 02:30:00",19906,12.32,1977.246,1910.738,2073.819,3401.067
"2012-10-17 02:40:00",19907,12.32,1977.246,1910.738,2073.751,3401.067
"2012-10-17 02:50:00",19908,12.32,1977.246,1910.738,2074.159,3401.067
"2012-10-17 03:00:00",19909,12.32,1977.246,1910.738,2074.837,3401.067
"2012-10-17 03:10:00",19910,12.31,1977.097,1910.725,2074.959,3401.044
"2012-10-17 03:20:00",19911,12.31,1976.883,1910.448,2074.805,3401.199
"2012-10-17 03:30:00",19912,12.31,1976.821,1910.331,2074.384,3401.05
"2012-10-17 03:40:00",19913,12.31,1976.334,1910.333,2073.944,3400.736
"2012-10-17 03:50:00",19914,12.3,1976.353,1910.293,2073.68,3400.303
"2012-10-17 04:00:00",19915,12.3,1976.753,1910.357,2073.601,3400.174
"2012-10-17 04:10:00",19916,12.3,1976.595,1910.674,2073.577,3400.135
"2012-10-17 04:20:00",19917,12.29,1977.13,1910.599,2073.57,3400.124
"2012-10-17 04:30:00",19918,12.29,1976.993,1910.394,2073.704,3399.645
"2012-10-17 04:40:00",19919,12.29,1976.721,1910.258,2073.635,3399.509
"2012-10-17 04:50:00",19920,12.29,1976.45,1910.393,2073.567,3399.441
"2012-10-17 05:00:00",19921,12.28,1976.585,1910.732,2073.432,3399.441
"2012-10-17 05:10:00",19922,12.28,1976.856,1910.665,2073.703,3399.712
"2012-10-17 05:20:00",19923,12.28,1977.128,1910.461,2073.567,3399.237
"2012-10-17 05:30:00",19924,12.28,1976.585,1910.529,2073.703,3399.712
"2012-10-17 05:40:00",19925,12.27,1976.856,1910.529,2073.432,3399.373
"2012-10-17 05:50:00",19926,12.28,1976.45,1910.325,2073.567,3398.831
"2012-10-17 06:00:00",19927,12.29,1975.94,1910.289,2073.602,3398.819
"2012-10-17 06:10:00",19928,12.29,1975.984,1910.061,2073.648,3398.827
"2012-10-17 06:20:00",19929,12.29,1976.042,1910.252,2073.573,3398.723
"2012-10-17 06:30:00",19930,12.29,1976.093,1909.827,2073.762,3397.997
"2012-10-17 06:40:00",19931,12.28,1976.091,1909.893,2073.76,3397.79
"2012-10-17 06:50:00",19932,12.28,1975.738,1910.085,2073.674,3397.581
"2012-10-17 07:00:00",19933,12.28,1975.128,1909.543,2073.675,3397.516
"2012-10-17 07:10:00",19934,12.29,1974.723,1909.479,2073.605,3397.333
"2012-10-17 07:20:00",19935,12.3,1974.562,1909.454,2073.579,3396.747
"2012-10-17 07:30:00",19936,12.36,1974.553,1909.447,2073.571,3397.004
"2012-10-17 07:40:00",19937,12.47,1974.551,1909.444,2073.568,3396.525
"2012-10-17 07:50:00",19938,12.49,1974.551,1909.444,2073.567,3396.592
"2012-10-17 08:00:00",19939,12.48,1974.551,1909.444,2073.567,3397.135
"2012-10-17 08:10:00",19940,12.45,1974.551,1909.444,2073.567,3397.27
"2012-10-17 08:20:00",19941,12.44,1973.872,1909.444,2073.567,3397.203
"2012-10-17 08:30:00",19942,12.46,1974.076,1909.444,2073.567,3396.796
"2012-10-17 08:40:00",19943,12.5,1974.551,1909.444,2073.567,3396.05
"2012-10-17 08:50:00",19944,12.52,1974.551,1909.444,2073.567,3396.118
"2012-10-17 09:00:00",19945,12.54,1974.89,1909.444,2073.567,3396.931
"2012-10-17 09:10:00",19946,12.55,1975.839,1909.919,2073.567,3397.406
"2012-10-17 09:20:00",19947,12.55,1975.883,1910.709,2073.542,3397.365
"2012-10-17 09:30:00",19948,12.62,1975.837,1910.665,2073.494,3397.286
"2012-10-17 09:40:00",19949,12.6,1975.825,1910.72,2073.481,3397.264
"2012-10-17 09:50:00",19950,12.6,1975.85,1910.745,2073.644,3397.309
"2012-10-17 10:00:00",19951,12.61,1976.853,1910.731,2073.627,3397.486
"2012-10-17 10:10:00",19952,12.63,1976.99,1910.536,2074.569,3398.088
"2012-10-17 10:20:00",19953,12.66,1976.728,1910.35,2074.361,3397.841
"2012-10-17 10:30:00",19954,12.77,1976.373,1910.346,2073.989,3397.231
"2012-10-17 10:40:00",19955,12.87,1976.405,1910.795,2073.667,3396.704
"2012-10-17 10:50:00",19956,12.94,1977.119,1910.902,2073.563,3396.532
"2012-10-17 11:00:00",19957,12.9,1976.276,1910.874,2073.531,3396.549
"2012-10-17 11:10:00",19958,12.8,1975.928,1910.865,2073.522,3396.738
"2012-10-17 11:20:00",19959,12.82,1976.4,1910.863,2073.519,3397.682
"2012-10-17 11:30:00",19960,12.87,1975.924,1910.794,2073.519,3397.816
"2012-10-17 11:40:00",19961,12.93,1975.924,1910.862,2073.519,3397.273
"2012-10-17 11:50:00",19962,13.05,1975.924,1910.862,2073.519,3396.46
"2012-10-17 12:00:00",19963,13.83,1975.924,1910.794,2073.519,3396.46
"2012-10-17 12:10:00",19964,14.66,1976.805,1910.59,2073.519,3397.07
"2012-10-17 12:20:00",19965,14.56,1976.873,1910.862,2073.519,3397.409
"2012-10-17 12:30:00",19966,14.61,1976.805,1910.862,2073.519,3397.07
"2012-10-17 12:40:00",19967,14.6,1976.67,1910.862,2073.519,3396.528
"2012-10-17 12:50:00",19968,14.64,1977.009,1910.794,2073.519,3396.46
"2012-10-17 13:00:00",19969,14.61,1976.805,1910.794,2073.519,3396.392
"2012-10-17 13:10:00",19970,13.73,1977.009,1910.862,2073.519,3396.392
"2012-10-17 13:20:00",19971,14.55,1977.212,1910.862,2073.519,3396.189
"2012-10-17 13:30:00",19972,14.56,1977.144,1910.862,2073.519,3395.918
"2012-10-17 13:40:00",19973,14.64,1977.212,1910.794,2073.519,3395.376
"2012-10-17 13:50:00",19974,14.59,1977.212,1910.862,2073.519,3395.782
"2012-10-17 14:00:00",19975,14.43,1977.28,1910.862,2073.519,3396.053
"2012-10-17 14:10:00",19976,14.21,1977.28,1910.726,2073.519,3395.511
"2012-10-17 14:20:00",19977,14.1,1977.144,1910.455,2073.586,3395.443
"2012-10-17 14:30:00",19978,13.59,1976.67,1910.116,2073.586,3395.24
"2012-10-17 14:40:00",19979,12.89,1977.009,1910.116,2073.519,3395.105
"2012-10-17 14:50:00",19980,12.81,1977.195,1910.03,2073.572,3395.192
"2012-10-17 15:00:00",19981,12.72,1977.693,1910.312,2073.952,3395.815
"2012-10-17 15:10:00",19982,12.71,1977.854,1910.535,2074.121,3396.091
"2012-10-17 15:20:00",19983,12.67,1977.919,1910.598,2074.189,3396.202
"2012-10-17 15:30:00",19984,12.66,1978.089,1910.626,2074.367,3396.494
"2012-10-17 15:40:00",19985,12.64,1978.319,1910.51,2074.608,3396.89
"2012-10-17 15:50:00",19986,12.64,1978.43,1911.16,2074.725,3397.081
"2012-10-17 16:00:00",19987,12.61,1978.557,1910.74,2074.722,3397.298
"2012-10-17 16:10:00",19988,12.6,1978.6,1910.781,2074.428,3397.372
"2012-10-17 16:20:00",19989,12.58,1978.614,1910.93,2074.85,3397.396
"2012-10-17 16:30:00",19990,12.55,1978.618,1910.798,2074.583,3397.267
"2012-10-17 16:40:00",19991,12.56,1978.348,1910.799,2074.584,3397.201
"2012-10-17 16:50:00",19992,12.53,1978.416,1910.8,2074.448,3397.134
"2012-10-17 17:00:00",19993,12.52,1978.416,1910.8,2074.38,3396.998
"2012-10-17 17:10:00",19994,12.52,1978.484,1910.8,2074.245,3396.862
"2012-10-17 17:20:00",19995,12.51,1978.484,1910.8,2074.923,3396.93
"2012-10-17 17:30:00",19996,12.5,1978.28,1910.8,2074.923,3396.794
"2012-10-17 17:40:00",19997,12.5,1978.144,1910.8,2074.787,3396.727
"2012-10-17 17:50:00",19998,12.5,1978.04,1910.961,2074.963,3397.014
"2012-10-17 18:00:00",19999,12.49,1979.202,1911.363,2075.534,3397.863
"2012-10-17 18:10:00",20000,12.49,1979.355,1911.576,2075.766,3398.718
"2012-10-17 18:20:00",20001,12.48,1979.693,1911.837,2076.049,3399.25
"2012-10-17 18:30:00",20002,12.48,1979.867,1912.005,2076.232,3399.548
"2012-10-17 18:40:00",20003,12.48,1979.934,1912.07,2076.302,3399.664
"2012-10-17 18:50:00",20004,12.48,1979.954,1912.088,2076.323,3399.697
"2012-10-17 19:00:00",20005,12.47,1979.959,1912.094,2076.328,3399.706
"2012-10-17 19:10:00",20006,12.47,1979.961,1912.095,2076.33,3399.709
"2012-10-17 19:20:00",20007,12.47,1979.961,1912.095,2076.33,3399.709
"2012-10-17 19:30:00",20008,12.47,1979.961,1912.095,2076.33,3400.32
"2012-10-17 19:40:00",20009,12.46,1979.961,1912.095,2076.33,3400.999
"2012-10-17 19:50:00",20010,12.46,1979.961,1912.095,2076.33,3401.067
"2012-10-17 20:00:00",20011,12.46,1980.64,1912.774,2076.941,3401.067
"2012-10-17 20:10:00",20012,12.45,1981.251,1913.453,2077.688,3401.067
"2012-10-17 20:20:00",20013,12.45,1981.318,1913.453,2077.688,3401.067
"2012-10-17 20:30:00",20014,12.45,1981.318,1913.453,2077.688,3401.067
"2012-10-17 20:40:00",20015,12.45,1981.318,1913.453,2077.688,3402.153
"2012-10-17 20:50:00",20016,12.45,1981.318,1913.453,2077.688,3402.424
"2012-10-17 21:00:00",20017,12.45,1981.318,1913.453,2077.688,3402.424
"2012-10-17 21:10:00",20018,12.44,1981.386,1913.453,2077.688,3402.424
"2012-10-17 21:20:00",20019,12.44,1981.861,1913.453,2077.688,3402.424
"2012-10-17 21:30:00",20020,12.44,1982.54,1913.724,2077.688,3402.424
"2012-10-17 21:40:00",20021,12.44,1982.676,1914.539,2077.688,3402.424
"2012-10-17 21:50:00",20022,12.44,1982.676,1914.335,2077.688,3402.424
"2012-10-17 22:00:00",20023,12.44,1982.676,1914.471,2077.688,3402.424
"2012-10-17 22:10:00",20024,12.43,1982.676,1914.403,2077.688,3402.424
"2012-10-17 22:20:00",20025,12.43,1982.676,1914.539,2077.688,3402.56
"2012-10-17 22:30:00",20026,12.43,1982.676,1914.606,2077.688,3402.424
"2012-10-17 22:40:00",20027,12.43,1982.676,1914.539,2077.688,3402.492
"2012-10-17 22:50:00",20028,12.43,1982.676,1914.335,2077.688,3403.307
"2012-10-17 23:00:00",20029,12.43,1982.676,1914.742,2077.688,3403.782
"2012-10-17 23:10:00",20030,12.43,1982.676,1914.81,2077.688,3403.782
"2012-10-17 23:20:00",20031,12.43,1982.947,1914.81,2077.688,3403.85
"2012-10-17 23:30:00",20032,12.42,1984.033,1914.81,2077.688,3403.85
"2012-10-17 23:40:00",20033,12.42,1984.033,1914.81,2077.688,3404.732
"2012-10-17 23:50:00",20034,12.42,1984.033,1914.81,2077.688,3404.46
"2012-10-18 00:00:00",20035,12.42,1984.033,1914.81,2077.688,3404.867
"2012-10-18 00:10:00",20036,12.42,1984.033,1914.81,2077.688,3405.139
"2012-10-18 00:20:00",20037,12.42,1984.033,1914.81,2077.688,3405.139
"2012-10-18 00:30:00",20038,12.41,1984.033,1914.81,2077.688,3405.139
"2012-10-18 00:40:00",20039,12.41,1984.101,1914.81,2077.688,3405.139
"2012-10-18 00:50:00",20040,12.41,1984.44,1914.81,2077.891,3405.139
"2012-10-18 01:00:00",20041,12.41,1984.915,1914.81,2077.959,3405.139
"2012-10-18 01:10:00",20042,12.41,1985.051,1914.81,2077.755,3405.139
"2012-10-18 01:20:00",20043,12.41,1984.78,1914.81,2077.959,3405.139
"2012-10-18 01:30:00",20044,12.41,1985.39,1914.81,2078.163,3405.275
"2012-10-18 01:40:00",20045,12.4,1985.39,1914.946,2078.163,3405.41
"2012-10-18 01:50:00",20046,12.4,1985.39,1914.81,2078.298,3405.41
"2012-10-18 02:00:00",20047,12.4,1985.39,1914.81,2078.366,3406.157
"2012-10-18 02:10:00",20048,12.4,1985.39,1915.014,2078.909,3406.428
"2012-10-18 02:20:00",20049,12.4,1985.39,1915.217,2079.045,3406.496
"2012-10-18 02:30:00",20050,12.4,1985.39,1916.1,2078.977,3406.496
"2012-10-18 02:40:00",20051,12.4,1985.39,1916.167,2079.045,3406.496
"2012-10-18 02:50:00",20052,12.39,1985.39,1916.167,2079.045,3406.496
"2012-10-18 03:00:00",20053,12.39,1985.39,1916.167,2079.045,3406.496
"2012-10-18 03:10:00",20054,12.39,1985.39,1916.167,2079.045,3406.496
"2012-10-18 03:20:00",20055,12.39,1985.39,1916.167,2079.045,3406.564
"2012-10-18 03:30:00",20056,12.39,1985.39,1916.167,2079.045,3407.039
"2012-10-18 03:40:00",20057,12.39,1985.39,1916.167,2079.045,3407.786
"2012-10-18 03:50:00",20058,12.38,1985.39,1916.167,2079.045,3407.854
"2012-10-18 04:00:00",20059,12.38,1985.39,1916.167,2079.045,3407.854
"2012-10-18 04:10:00",20060,12.38,1985.39,1916.167,2079.045,3407.854
"2012-10-18 04:20:00",20061,12.38,1985.39,1916.167,2079.045,3407.854
"2012-10-18 04:30:00",20062,12.38,1985.39,1916.167,2079.045,3407.854
"2012-10-18 04:40:00",20063,12.38,1985.39,1916.167,2079.045,3407.854
"2012-10-18 04:50:00",20064,12.38,1985.39,1916.167,2079.045,3407.854
"2012-10-18 05:00:00",20065,12.37,1985.458,1916.235,2079.045,3407.854
"2012-10-18 05:10:00",20066,12.37,1985.39,1916.167,2079.045,3407.854
"2012-10-18 05:20:00",20067,12.37,1985.526,1916.167,2079.045,3407.854
"2012-10-18 05:30:00",20068,12.37,1985.39,1916.235,2079.045,3407.854
"2012-10-18 05:40:00",20069,12.37,1985.73,1916.642,2079.045,3407.921
"2012-10-18 05:50:00",20070,12.37,1986.748,1917.457,2079.045,3407.854
"2012-10-18 06:00:00",20071,12.37,1986.748,1917.525,2079.045,3409.211
"2012-10-18 06:10:00",20072,12.37,1986.748,1917.525,2079.045,3409.143
"2012-10-18 06:20:00",20073,12.36,1986.748,1917.525,2079.249,3409.211
"2012-10-18 06:30:00",20074,12.36,1986.748,1917.525,2079.792,3409.143
"2012-10-18 06:40:00",20075,12.36,1986.883,1917.525,2080.267,3409.211
"2012-10-18 06:50:00",20076,12.36,1987.087,1917.525,2080.334,3409.211
"2012-10-18 07:00:00",20077,12.36,1987.63,1917.525,2080.402,3409.211
"2012-10-18 07:10:00",20078,12.4,1987.494,1917.525,2080.402,3409.211
"2012-10-18 07:20:00",20079,12.43,1987.63,1917.525,2080.402,3409.211
"2012-10-18 07:30:00",20080,12.48,1987.698,1917.525,2080.402,3409.211
"2012-10-18 07:40:00",20081,12.47,1987.834,1917.525,2080.402,3409.211
"2012-10-18 07:50:00",20082,12.49,1987.698,1917.525,2080.402,3409.211
"2012-10-18 08:00:00",20083,12.54,1987.494,1917.525,2080.402,3409.211
"2012-10-18 08:10:00",20084,12.53,1986.883,1917.525,2080.402,3409.211
"2012-10-18 08:20:00",20085,12.56,1986.741,1917.518,2080.395,3409.199
"2012-10-18 08:30:00",20086,12.61,1986.627,1917.409,2080.276,3409.004
"2012-10-18 08:40:00",20087,12.57,1986.303,1917.096,2079.937,3408.448
"2012-10-18 08:50:00",20088,12.63,1986.141,1916.808,2079.625,3406.784
"2012-10-18 09:00:00",20089,12.67,1985.87,1916.547,2079.341,3406.251
"2012-10-18 09:10:00",20090,12.64,1984.477,1916.381,2079.161,3405.82
"2012-10-18 09:20:00",20091,12.74,1984.16,1916.271,2078.093,3405.625
"2012-10-18 09:30:00",20092,12.86,1984.06,1916.24,2077.855,3405.57
"2012-10-18 09:40:00",20093,12.8,1984.049,1916.23,2077.641,3405.551
"2012-10-18 09:50:00",20094,12.78,1984.046,1916.227,2077.637,3405.546
"2012-10-18 10:00:00",20095,12.88,1983.706,1916.226,2077.636,3405.544
"2012-10-18 10:10:00",20096,12.95,1983.299,1916.158,2077.636,3405.544
"2012-10-18 10:20:00",20097,13.04,1982.757,1916.022,2077.636,3405.544
"2012-10-18 10:30:00",20098,13.05,1982.689,1915.073,2077.636,3405.544
"2012-10-18 10:40:00",20099,13.36,1982.689,1914.869,2077.636,3405.544
"2012-10-18 10:50:00",20100,14.05,1982.689,1914.869,2077.229,3405.544
"2012-10-18 11:00:00",20101,14.41,1982.689,1914.869,2077.026,3405.341
"2012-10-18 11:10:00",20102,13.4,1982.689,1914.869,2077.501,3405.477
"2012-10-18 11:20:00",20103,13.92,1982.631,1914.881,2077.575,3405.241
"2012-10-18 11:30:00",20104,13.34,1982.336,1914.596,2077.266,3404.802
"2012-10-18 11:40:00",20105,14.36,1981.84,1914.311,2076.828,3404.077
"2012-10-18 11:50:00",20106,13.93,1981.809,1914.216,2076.589,3403.366
"2012-10-18 12:00:00",20107,13.07,1981.618,1913.961,2076.256,3402.95
"2012-10-18 12:10:00",20108,13.76,1980.864,1913.958,2076.173,3403.042
"2012-10-18 12:20:00",20109,14.6,1980.12,1913.629,2076.026,3402.104
"2012-10-18 12:30:00",20110,14.18,1980.3,1913.61,2075.727,3401.948
"2012-10-18 12:40:00",20111,14.03,1980.68,1913.584,2076.106,3401.902
"2012-10-18 12:50:00",20112,14,1979.994,1913.576,2075.623,3401.887
"2012-10-18 13:00:00",20113,13.95,1980.262,1913.573,2075.823,3401.816
"2012-10-18 13:10:00",20114,13.8,1980.804,1913.573,2076.094,3401.814
"2012-10-18 13:20:00",20115,14.25,1981.346,1913.708,2076.229,3401.882
"2012-10-18 13:30:00",20116,13.74,1981.346,1913.979,2076.229,3401.882
"2012-10-18 13:40:00",20117,13.92,1981.346,1913.708,2076.229,3401.882
"2012-10-18 13:50:00",20118,14.43,1981.346,1913.911,2076.229,3401.814
"2012-10-18 14:00:00",20119,14.5,1981.414,1914.182,2076.229,3401.814
"2012-10-18 14:10:00",20120,13.84,1981.346,1914.725,2077.043,3401.882
"2012-10-18 14:20:00",20121,13.68,1981.482,1914.725,2077.517,3401.882
"2012-10-18 14:30:00",20122,12.82,1981.414,1914.792,2077.246,3401.882
"2012-10-18 14:40:00",20123,13.25,1981.346,1914.521,2077.043,3401.882
"2012-10-18 14:50:00",20124,13.23,1982.566,1914.657,2077.246,3401.882
"2012-10-18 15:00:00",20125,12.8,1982.702,1914.86,2077.449,3401.882
"2012-10-18 15:10:00",20126,12.8,1982.702,1914.928,2077.585,3401.882
"2012-10-18 15:20:00",20127,12.69,1982.702,1914.928,2077.449,3401.882
"2012-10-18 15:30:00",20128,12.71,1982.702,1914.928,2077.585,3401.882
"2012-10-18 15:40:00",20129,12.85,1982.943,1915.161,2077.837,3402.296
"2012-10-18 15:50:00",20130,12.78,1983.222,1915.431,2078.131,3402.776
"2012-10-18 16:00:00",20131,12.71,1983.357,1915.561,2078.271,3402.871
"2012-10-18 16:10:00",20132,12.68,1983.735,1915.926,2078.667,3403.52
"2012-10-18 16:20:00",20133,12.67,1983.953,1916.137,2078.897,3403.149
"2012-10-18 16:30:00",20134,12.64,1984.016,1916.197,2078.962,3402.917
"2012-10-18 16:40:00",20135,12.62,1984.036,1916.217,2078.983,3403.02
"2012-10-18 16:50:00",20136,12.59,1984.043,1916.223,2078.99,3403.573
"2012-10-18 17:00:00",20137,12.59,1984.044,1916.225,2078.992,3403.711
"2012-10-18 17:10:00",20138,12.56,1984.452,1916.225,2078.992,3403.848
"2012-10-18 17:20:00",20139,12.55,1985.401,1916.225,2078.992,3404.187
"2012-10-18 17:30:00",20140,12.54,1985.265,1916.225,2078.992,3404.187
"2012-10-18 17:40:00",20141,12.53,1985.13,1916.225,2078.992,3404.187
"2012-10-18 17:50:00",20142,12.53,1985.401,1916.225,2078.992,3404.187
"2012-10-18 18:00:00",20143,12.52,1985.401,1916.225,2078.992,3404.187
"2012-10-18 18:10:00",20144,12.52,1985.401,1916.225,2078.992,3404.187
"2012-10-18 18:20:00",20145,12.51,1985.401,1916.225,2078.992,3404.187
"2012-10-18 18:30:00",20146,12.51,1985.401,1916.225,2079.942,3404.797
"2012-10-18 18:40:00",20147,12.51,1985.43,1916.253,2080.378,3405.592
"2012-10-18 18:50:00",20148,12.51,1985.427,1916.25,2080.375,3405.587
"2012-10-18 19:00:00",20149,12.5,1986.076,1916.287,2080.417,3405.654
"2012-10-18 19:10:00",20150,12.5,1985.561,1916.313,2080.445,3405.7
"2012-10-18 19:20:00",20151,12.5,1986.199,1916.471,2080.616,3405.981
"2012-10-18 19:30:00",20152,12.5,1986.382,1916.648,2080.808,3406.295
"2012-10-18 19:40:00",20153,12.49,1986.906,1916.76,2080.93,3406.495
"2012-10-18 19:50:00",20154,12.49,1987.393,1916.906,2081.014,3406.633
"2012-10-18 20:00:00",20155,12.49,1987.548,1917.123,2081.176,3406.898
"2012-10-18 20:10:00",20156,12.49,1987.714,1918.165,2081.35,3407.25
"2012-10-18 20:20:00",20157,12.48,1987.726,1918.516,2081.43,3407.882
"2012-10-18 20:30:00",20158,12.48,1987.763,1918.552,2081.401,3408.217
"2012-10-18 20:40:00",20159,12.48,1987.778,1918.566,2081.553,3408.514
"2012-10-18 20:50:00",20160,12.48,1988.335,1918.449,2082.172,3408.441
"2012-10-18 21:00:00",20161,12.47,1989.12,1918.552,2082.419,3408.896
"2012-10-18 21:10:00",20162,12.47,1989.01,1918.446,2082.576,3409.318
"2012-10-18 21:20:00",20163,12.47,1988.902,1918.341,2082.462,3408.996
"2012-10-18 21:30:00",20164,12.47,1988.822,1918.332,2082.447,3409.267
"2012-10-18 21:40:00",20165,12.47,1988.799,1918.242,2082.422,3409.363
"2012-10-18 21:50:00",20166,12.47,1989.363,1919.145,2082.444,3409.467
"2012-10-18 22:00:00",20167,12.47,1990.065,1919.708,2082.54,3409.624
"2012-10-18 22:10:00",20168,12.46,1990.269,1919.708,2082.54,3409.624
"2012-10-18 22:20:00",20169,12.46,1990.256,1919.696,2082.527,3409.602
"2012-10-18 22:30:00",20170,12.46,1990.214,1919.656,2082.483,3409.531
"2012-10-18 22:40:00",20171,12.46,1990.139,1919.583,2082.405,3409.605
"2012-10-18 22:50:00",20172,12.46,1990.143,1919.587,2082.409,3409.545
"2012-10-18 23:00:00",20173,12.46,1990.145,1919.588,2082.411,3409.683
"2012-10-18 23:10:00",20174,12.45,1990.145,1919.589,2082.411,3409.751
"2012-10-18 23:20:00",20175,12.45,1990.152,1919.596,2082.418,3410.442
"2012-10-18 23:30:00",20176,12.45,1990.062,1919.509,2082.324,3410.626
"2012-10-18 23:40:00",20177,12.45,1990.089,1919.535,2082.353,3410.673
"2012-10-18 23:50:00",20178,12.45,1990.109,1919.554,2082.374,3410.708
"2012-10-19 00:00:00",20179,12.45,1990.134,1919.578,2082.399,3410.75
"2012-10-19 00:10:00",20180,12.45,1990.148,1919.592,2082.482,3411.114
"2012-10-19 00:20:00",20181,12.45,1990.253,1919.627,2082.453,3411.041
"2012-10-19 00:30:00",20182,12.44,1990.19,1919.7,2082.458,3411.253
"2012-10-19 00:40:00",20183,12.43,1990.191,1919.633,2082.459,3411.188
"2012-10-19 00:50:00",20184,12.42,1990.397,1919.703,2082.529,3411.462
"2012-10-19 01:00:00",20185,12.42,1991.143,1919.771,2082.462,3411.938
"2012-10-19 01:10:00",20186,12.42,1991.449,1919.739,2082.698,3411.948
"2012-10-19 01:20:00",20187,12.43,1991.507,1919.661,2082.823,3412.066
"2012-10-19 01:30:00",20188,12.42,1991.503,1919.929,2083.091,3412.128
"2012-10-19 01:40:00",20189,12.43,1991.502,1920.946,2083.769,3412.127
"2012-10-19 01:50:00",20190,12.42,1991.502,1920.946,2083.769,3412.127
"2012-10-19 02:00:00",20191,12.41,1991.451,1920.896,2083.715,3412.039
"2012-10-19 02:10:00",20192,12.41,1991.46,1920.905,2083.724,3412.053
"2012-10-19 02:20:00",20193,12.41,1991.486,1920.93,2083.751,3412.098
"2012-10-19 02:30:00",20194,12.41,1991.444,1920.889,2083.707,3412.026
"2012-10-19 02:40:00",20195,12.42,1991.524,1920.967,2083.792,3412.165
"2012-10-19 02:50:00",20196,12.42,1991.506,1920.95,2083.772,3412.133
"2012-10-19 03:00:00",20197,12.41,1991.429,1920.876,2083.692,3412.002
"2012-10-19 03:10:00",20198,12.4,1991.508,1920.952,2083.774,3412.137
"2012-10-19 03:20:00",20199,12.4,1991.564,1921.006,2083.833,3412.232
"2012-10-19 03:30:00",20200,12.4,1991.521,1920.964,2083.788,3412.159
"2012-10-19 03:40:00",20201,12.39,1991.557,1920.999,2083.825,3412.22
"2012-10-19 03:50:00",20202,12.39,1991.559,1921,2083.827,3412.223
"2012-10-19 04:00:00",20203,12.39,1991.641,1921.079,2083.913,3412.432
"2012-10-19 04:10:00",20204,12.39,1991.855,1921.287,2084.138,3412.732
"2012-10-19 04:20:00",20205,12.39,1992.064,1921.488,2084.356,3413.09
"2012-10-19 04:30:00",20206,12.38,1992.144,1921.565,2084.439,3413.226
"2012-10-19 04:40:00",20207,12.38,1992.167,1921.587,2084.464,3413.266
"2012-10-19 04:50:00",20208,12.38,1992.174,1921.594,2084.404,3413.279
"2012-10-19 05:00:00",20209,12.38,1992.177,1921.596,2083.592,3413.282
"2012-10-19 05:10:00",20210,12.37,1991.702,1920.782,2083.117,3413.283
"2012-10-19 05:20:00",20211,12.37,1990.887,1920.24,2083.117,3413.283
"2012-10-19 05:30:00",20212,12.37,1990.82,1920.24,2083.117,3413.283
"2012-10-19 05:40:00",20213,12.37,1990.82,1920.24,2083.117,3413.283
"2012-10-19 05:50:00",20214,12.36,1990.82,1920.24,2083.117,3413.283
"2012-10-19 06:00:00",20215,12.36,1990.82,1920.24,2083.117,3413.283
"2012-10-19 06:10:00",20216,12.35,1990.82,1920.24,2083.117,3413.283
"2012-10-19 06:20:00",20217,12.36,1990.82,1920.24,2083.117,3413.283
"2012-10-19 06:30:00",20218,12.38,1990.82,1920.24,2083.117,3413.283
"2012-10-19 06:40:00",20219,12.39,1990.82,1920.375,2083.117,3413.283
"2012-10-19 06:50:00",20220,12.43,1991.227,1921.597,2083.117,3413.351
"2012-10-19 07:00:00",20221,12.43,1992.177,1921.597,2083.728,3413.418
"2012-10-19 07:10:00",20222,12.44,1992.177,1921.597,2084.474,3413.283
"2012-10-19 07:20:00",20223,12.45,1992.151,1921.572,2084.447,3413.239
"2012-10-19 07:30:00",20224,12.58,1991.765,1921.199,2084.043,3412.577
"2012-10-19 07:40:00",20225,12.64,1990.513,1920.646,2083.443,3411.593
"2012-10-19 07:50:00",20226,12.65,1989.595,1920.415,2083.192,3411.182
"2012-10-19 08:00:00",20227,12.62,1989.507,1920.33,2083.1,3411.032
"2012-10-19 08:10:00",20228,12.59,1989.482,1920.305,2083.073,3410.988
"2012-10-19 08:20:00",20229,12.54,1987.643,1919.62,2082.184,3410.975
"2012-10-19 08:30:00",20230,12.5,1986.802,1918.916,2081.681,3410.862
"2012-10-19 08:40:00",20231,12.47,1987.307,1918.618,2081.357,3410.331
"2012-10-19 08:50:00",20232,12.46,1986.397,1918.393,2081.114,3409.797
"2012-10-19 09:00:00",20233,12.46,1985.962,1918.17,2080.872,3408.45
"2012-10-19 09:10:00",20234,12.46,1985.593,1917.813,2080.485,3407.613
"2012-10-19 09:20:00",20235,12.48,1985.333,1917.218,2080.354,3407.4
"2012-10-19 09:30:00",20236,12.51,1985.361,1916.299,2080.313,3406.519
"2012-10-19 09:40:00",20237,12.5,1984.197,1916.356,2080.301,3406.295
"2012-10-19 09:50:00",20238,12.52,1984.058,1916.691,2080.161,3405.95
"2012-10-19 10:00:00",20239,12.55,1984.038,1917.011,2079.531,3405.848
"2012-10-19 10:10:00",20240,12.57,1983.916,1917.232,2080.081,3405.368
"2012-10-19 10:20:00",20241,12.62,1983.042,1916.714,2079.586,3404.109
"2012-10-19 10:30:00",20242,12.76,1981.838,1915.797,2078.97,3402.712
"2012-10-19 10:40:00",20243,12.9,1982.576,1915.049,2078.956,3402.4
"2012-10-19 10:50:00",20244,12.95,1982.733,1915.005,2078.908,3401.779
"2012-10-19 11:00:00",20245,13,1982.719,1914.992,2078.825,3401.01
"2012-10-19 11:10:00",20246,12.9,1981.361,1914.988,2078.889,3401.003
"2012-10-19 11:20:00",20247,12.89,1981.495,1914.987,2078.888,3401.001
"2012-10-19 11:30:00",20248,13,1981.495,1914.987,2078.888,3401.001
"2012-10-19 11:40:00",20249,13.36,1981.224,1914.987,2078.888,3400.934
"2012-10-19 11:50:00",20250,14,1981.36,1914.987,2078.888,3399.85
"2012-10-19 12:00:00",20251,14.63,1981.36,1914.987,2078.888,3399.579
"2012-10-19 12:10:00",20252,14.27,1981.36,1914.987,2078.888,3399.579
"2012-10-19 12:20:00",20253,14.55,1981.334,1914.962,2078.861,3399.332
"2012-10-19 12:30:00",20254,14.5,1981.186,1914.818,2078.705,3398.739
"2012-10-19 12:40:00",20255,14.68,1981.216,1914.848,2078.737,3397.979
"2012-10-19 12:50:00",20256,14.51,1981.058,1914.629,2078.5,3397.59
"2012-10-19 13:00:00",20257,13.81,1980.792,1914.438,2078.698,3397.25
"2012-10-19 13:10:00",20258,14.52,1980.759,1914.473,2078.663,3396.11
"2012-10-19 13:20:00",20259,14.55,1980.714,1914.362,2079.023,3395.627
"2012-10-19 13:30:00",20260,14.48,1980.832,1914.345,2079.478,3395.326
"2012-10-19 13:40:00",20261,14.38,1980.753,1914.269,2079.463,3395.055
"2012-10-19 13:50:00",20262,13.71,1981.08,1914.062,2079.238,3394.958
"2012-10-19 14:00:00",20263,13.97,1981.014,1913.998,2079.168,3394.236
"2012-10-19 14:10:00",20264,12.96,1981.148,1914.333,2079.306,3394.079
"2012-10-19 14:20:00",20265,13.06,1982.289,1915.197,2079.78,3394.546
"2012-10-19 14:30:00",20266,12.98,1982.715,1915.753,2080.145,3395.15
"2012-10-19 14:40:00",20267,13.13,1983.786,1916.068,2080.082,3395.574
"2012-10-19 14:50:00",20268,13.02,1983.981,1916.256,2080.354,3395.501
"2012-10-19 15:00:00",20269,12.92,1984.043,1916.316,2080.486,3395.539
"2012-10-19 15:10:00",20270,12.72,1984.061,1916.333,2080.302,3395.501
"2012-10-19 15:20:00",20271,12.74,1984.066,1916.339,2080.24,3395.51
"2012-10-19 15:30:00",20272,12.68,1984.068,1916.34,2080.241,3395.514
"2012-10-19 15:40:00",20273,12.7,1984.135,1916.406,2080.312,3395.63
"2012-10-19 15:50:00",20274,12.67,1984.43,1916.69,2080.621,3396.134
"2012-10-19 16:00:00",20275,12.69,1985.02,1917.26,2081.51,3397.143
"2012-10-19 16:10:00",20276,12.63,1985.295,1917.525,2082.477,3397.615
"2012-10-19 16:20:00",20277,12.61,1985.376,1917.468,2082.968,3397.753
"2012-10-19 16:30:00",20278,12.61,1985.401,1917.289,2082.995,3397.796
"2012-10-19 16:40:00",20279,12.56,1985.409,1917.635,2083.003,3397.809
"2012-10-19 16:50:00",20280,12.56,1985.411,1917.638,2083.005,3397.813
"2012-10-19 17:00:00",20281,12.55,1985.412,1917.638,2083.006,3397.814
"2012-10-19 17:10:00",20282,12.54,1985.412,1917.638,2083.006,3397.814
"2012-10-19 17:20:00",20283,12.54,1985.412,1917.638,2083.006,3397.814
"2012-10-19 17:30:00",20284,12.53,1985.412,1917.638,2083.006,3397.814
"2012-10-19 17:40:00",20285,12.53,1985.457,1917.682,2083.053,3397.891
"2012-10-19 17:50:00",20286,12.52,1986.792,1917.989,2083.387,3398.572
"2012-10-19 18:00:00",20287,12.52,1987.214,1918.2,2083.616,3398.81
"2012-10-19 18:10:00",20288,12.52,1987.597,1918.439,2083.876,3399.302
"2012-10-19 18:20:00",20289,12.51,1987.928,1918.555,2084.223,3399.868
"2012-10-19 18:30:00",20290,12.51,1988.059,1918.206,2084.36,3400.837
"2012-10-19 18:40:00",20291,12.51,1988.097,1917.565,2084.4,3401.242
"2012-10-19 18:50:00",20292,12.5,1988.109,1917.577,2084.413,3401.398
"2012-10-19 19:00:00",20293,12.5,1988.113,1917.58,2084.417,3401.472
"2012-10-19 19:10:00",20294,12.5,1988.114,1917.581,2084.417,3401.474
"2012-10-19 19:20:00",20295,12.5,1988.114,1917.581,2084.417,3401.474
"2012-10-19 19:30:00",20296,12.49,1988.114,1917.581,2084.417,3401.474
"2012-10-19 19:40:00",20297,12.49,1988.114,1917.581,2084.417,3401.474
"2012-10-19 19:50:00",20298,12.49,1988.114,1917.581,2084.417,3401.474
"2012-10-19 20:00:00",20299,12.49,1988.114,1917.581,2084.417,3401.474
"2012-10-19 20:10:00",20300,12.48,1988.222,1917.686,2084.531,3401.659
"2012-10-19 20:20:00",20301,12.48,1988.331,1917.791,2084.645,3401.845
"2012-10-19 20:30:00",20302,12.48,1988.357,1917.816,2084.673,3401.891
"2012-10-19 20:40:00",20303,12.48,1988.605,1918.055,2084.933,3402.721
"2012-10-19 20:50:00",20304,12.47,1988.83,1918.273,2085.169,3403.04
"2012-10-19 21:00:00",20305,12.47,1989.136,1918.568,2085.49,3403.97
"2012-10-19 21:10:00",20306,12.47,1989.353,1918.776,2085.717,3404.544
"2012-10-19 21:20:00",20307,12.47,1989.43,1918.851,2085.797,3404.743
"2012-10-19 21:30:00",20308,12.47,1989.453,1918.873,2085.821,3404.851
"2012-10-19 21:40:00",20309,12.47,1989.46,1918.88,2085.829,3404.999
"2012-10-19 21:50:00",20310,12.46,1989.462,1918.882,2085.831,3404.935
"2012-10-19 22:00:00",20311,12.46,1989.462,1918.882,2085.832,3405.071
"2012-10-19 22:10:00",20312,12.46,1989.462,1918.882,2085.832,3405.003
"2012-10-19 22:20:00",20313,12.46,1989.462,1918.882,2085.832,3405.139
"2012-10-19 22:30:00",20314,12.46,1989.462,1918.882,2085.832,3405.071
"2012-10-19 22:40:00",20315,12.46,1989.462,1918.882,2085.832,3404.935
"2012-10-19 22:50:00",20316,12.45,1989.462,1918.882,2085.832,3405.071
"2012-10-19 23:00:00",20317,12.45,1989.462,1918.882,2085.832,3405.003
"2012-10-19 23:10:00",20318,12.45,1989.462,1918.882,2085.832,3405.071
"2012-10-19 23:20:00",20319,12.45,1989.462,1918.882,2085.832,3405.071
"2012-10-19 23:30:00",20320,12.44,1989.462,1918.882,2085.832,3405.139
"2012-10-19 23:40:00",20321,12.44,1989.462,1918.882,2085.832,3405.139
"2012-10-19 23:50:00",20322,12.44,1989.462,1918.882,2085.832,3405.139
"2012-10-20 00:00:00",20323,12.43,1989.462,1918.882,2085.832,3405.139
"2012-10-20 00:10:00",20324,12.43,1989.462,1918.882,2085.832,3405.139
"2012-10-20 00:20:00",20325,12.43,1989.462,1918.882,2085.832,3405.139
"2012-10-20 00:30:00",20326,12.43,1989.462,1918.882,2085.832,3405.139
"2012-10-20 00:40:00",20327,12.43,1989.462,1918.882,2085.832,3405.139
"2012-10-20 00:50:00",20328,12.42,1989.462,1918.882,2085.832,3405.139
"2012-10-20 01:00:00",20329,12.42,1989.462,1918.882,2085.832,3405.139
"2012-10-20 01:10:00",20330,12.42,1989.462,1918.882,2085.832,3405.139
"2012-10-20 01:20:00",20331,12.42,1989.462,1918.882,2085.832,3405.139
"2012-10-20 01:30:00",20332,12.41,1989.462,1918.882,2085.832,3405.139
"2012-10-20 01:40:00",20333,12.41,1989.462,1918.882,2085.832,3405.139
"2012-10-20 01:50:00",20334,12.41,1989.462,1918.882,2085.832,3405.139
"2012-10-20 02:00:00",20335,12.41,1989.462,1918.882,2085.832,3405.139
"2012-10-20 02:10:00",20336,12.41,1989.462,1918.882,2085.832,3405.139
"2012-10-20 02:20:00",20337,12.4,1989.462,1918.882,2085.832,3405.139
"2012-10-20 02:30:00",20338,12.4,1989.462,1918.882,2085.832,3405.139
"2012-10-20 02:40:00",20339,12.4,1989.462,1918.882,2085.832,3405.139
"2012-10-20 02:50:00",20340,12.4,1989.462,1918.882,2085.832,3405.478
"2012-10-20 03:00:00",20341,12.39,1989.462,1918.882,2085.832,3406.225
"2012-10-20 03:10:00",20342,12.39,1989.462,1918.882,2085.832,3406.361
"2012-10-20 03:20:00",20343,12.39,1989.462,1918.882,2085.832,3406.496
"2012-10-20 03:30:00",20344,12.39,1989.53,1918.882,2085.832,3406.496
"2012-10-20 03:40:00",20345,12.38,1989.734,1918.882,2085.832,3406.496
"2012-10-20 03:50:00",20346,12.38,1990.344,1918.882,2085.832,3406.496
"2012-10-20 04:00:00",20347,12.38,1990.82,1918.882,2085.832,3406.496
"2012-10-20 04:10:00",20348,12.38,1990.82,1918.882,2085.832,3406.496
"2012-10-20 04:20:00",20349,12.37,1990.82,1918.882,2085.832,3406.496
"2012-10-20 04:30:00",20350,12.37,1990.82,1918.882,2085.832,3406.496
"2012-10-20 04:40:00",20351,12.37,1990.82,1919.493,2085.832,3406.496
"2012-10-20 04:50:00",20352,12.37,1990.82,1920.172,2085.832,3406.496
"2012-10-20 05:00:00",20353,12.37,1990.82,1920.24,2085.832,3406.496
"2012-10-20 05:10:00",20354,12.37,1990.82,1920.24,2085.832,3407.039
"2012-10-20 05:20:00",20355,12.36,1990.82,1920.24,2085.967,3407.786
"2012-10-20 05:30:00",20356,12.36,1990.82,1920.24,2086.51,3407.854
"2012-10-20 05:40:00",20357,12.36,1990.717,1920.14,2086.945,3406.456
"2012-10-20 05:50:00",20358,12.36,1990.458,1919.891,2086.81,3405.877
"2012-10-20 06:00:00",20359,12.35,1990.092,1919.537,2086.426,3405.522
"2012-10-20 06:10:00",20360,12.35,1989.723,1919.181,2086.039,3404.89
"2012-10-20 06:20:00",20361,12.35,1989.549,1919.014,2085.857,3405.61
"2012-10-20 06:30:00",20362,12.35,1989.358,1918.961,2085.799,3405.584
"2012-10-20 06:40:00",20363,12.35,1989.478,1918.945,2085.782,3405.556
"2012-10-20 06:50:00",20364,12.35,1988.659,1919.008,2085.777,3404.869
"2012-10-20 07:00:00",20365,12.35,1988.183,1918.939,2085.775,3404.189
"2012-10-20 07:10:00",20366,12.36,1988.25,1918.939,2085.775,3404.527
"2012-10-20 07:20:00",20367,12.37,1988.039,1918.866,2085.696,3404.262
"2012-10-20 07:30:00",20368,12.48,1987.557,1918.531,2085.332,3404.007
"2012-10-20 07:40:00",20369,12.56,1987.389,1918.369,2085.156,3403.246
"2012-10-20 07:50:00",20370,12.63,1986.929,1918.056,2084.815,3402.96
"2012-10-20 08:00:00",20371,12.59,1986.895,1917.762,2084.631,3402.574
"2012-10-20 08:10:00",20372,12.52,1986.402,1917.678,2084.472,3402.29
"2012-10-20 08:20:00",20373,12.48,1986.373,1917.65,2084.442,3401.902
"2012-10-20 08:30:00",20374,12.46,1986.026,1917.642,2084.433,3401.887
"2012-10-20 08:40:00",20375,12.48,1986.566,1917.64,2084.363,3401.883
"2012-10-20 08:50:00",20376,12.46,1986.768,1917.639,2084.362,3401.882
"2012-10-20 09:00:00",20377,12.46,1986.768,1917.639,2084.566,3401.882
"2012-10-20 09:10:00",20378,12.45,1986.552,1917.43,2084.948,3401.511
"2012-10-20 09:20:00",20379,12.45,1985.685,1916.724,2083.571,3399.378
"2012-10-20 09:30:00",20380,12.46,1985.681,1916.324,2084.028,3399.789
"2012-10-20 09:40:00",20381,12.46,1985.323,1916.375,2083.53,3398.962
"2012-10-20 09:50:00",20382,12.48,1985.231,1916.351,2083.098,3398.988
"2012-10-20 10:00:00",20383,12.5,1985.562,1916.344,2082.819,3398.23
"2012-10-20 10:10:00",20384,12.58,1985.424,1916.342,2083.087,3398.09
"2012-10-20 10:20:00",20385,12.74,1985.017,1916.341,2083.087,3398.225
"2012-10-20 10:30:00",20386,12.9,1985.288,1916.341,2083.019,3397.954
"2012-10-20 10:40:00",20387,13.07,1985.423,1916.341,2083.493,3397.073
"2012-10-20 10:50:00",20388,12.96,1985.782,1916.295,2084.053,3396.857
"2012-10-20 11:00:00",20389,12.97,1985.198,1916.123,2083.731,3395.942
"2012-10-20 11:10:00",20390,12.93,1984.926,1915.922,2083.861,3396.163
"2012-10-20 11:20:00",20391,12.96,1985.377,1916.034,2083.905,3396.055
"2012-10-20 11:30:00",20392,13,1985.28,1916.203,2084.088,3395.745
"2012-10-20 11:40:00",20393,13.18,1985.485,1916.473,2083.754,3395.457
"2012-10-20 11:50:00",20394,14.01,1985.4,1916.319,2084.214,3395.137
"2012-10-20 12:00:00",20395,14.68,1985.256,1916.115,2084.059,3394.301
"2012-10-20 12:10:00",20396,14.53,1985.746,1915.936,2083.791,3394
"2012-10-20 12:20:00",20397,14.59,1985.782,1915.572,2083.617,3392.903
"2012-10-20 12:30:00",20398,14.49,1984.857,1915.538,2083.218,3392.025
"2012-10-20 12:40:00",20399,14.61,1984.5,1915.189,2083.052,3390.833
"2012-10-20 12:50:00",20400,14.61,1984.814,1915.301,2083.027,3390.724
"2012-10-20 13:00:00",20401,14.07,1984.931,1915.827,2082.937,3390.509
"2012-10-20 13:10:00",20402,14.23,1985.039,1916.071,2082.908,3390.259
"2012-10-20 13:20:00",20403,14.52,1985.387,1916.078,2083.125,3389.309
"2012-10-20 13:30:00",20404,14.6,1985.591,1916.211,2083.196,3389.29
"2012-10-20 13:40:00",20405,14.54,1984.869,1915.897,2083.826,3389.01
"2012-10-20 13:50:00",20406,14.55,1985.424,1916.319,2084.242,3388.917
"2012-10-20 14:00:00",20407,14.59,1985.469,1916.433,2084.354,3389.15
"2012-10-20 14:10:00",20408,13.69,1985.632,1916.525,2085.131,3389.38
"2012-10-20 14:20:00",20409,14.59,1986.769,1916.772,2084.86,3389.819
"2012-10-20 14:30:00",20410,13.41,1987.355,1917.011,2085.322,3390.24
"2012-10-20 14:40:00",20411,12.93,1987.373,1917.628,2085.692,3390.733
"2012-10-20 14:50:00",20412,12.85,1987.997,1918.175,2086.128,3391.221
"2012-10-20 15:00:00",20413,12.83,1988.092,1918.131,2086.025,3391.383
"2012-10-20 15:10:00",20414,12.86,1988.12,1918.36,2085.782,3391.294
"2012-10-20 15:20:00",20415,12.73,1988.128,1918.233,2085.656,3391.445
"2012-10-20 15:30:00",20416,12.74,1988.131,1918.236,2085.659,3391.449
"2012-10-20 15:40:00",20417,12.76,1988.132,1918.372,2085.66,3391.45
"2012-10-20 15:50:00",20418,12.76,1988.132,1919.049,2085.931,3391.45
"2012-10-20 16:00:00",20419,12.71,1988.674,1918.982,2086.879,3391.45
"2012-10-20 16:10:00",20420,12.7,1988.132,1918.779,2086.743,3391.45
"2012-10-20 16:20:00",20421,12.66,1988.167,1917.932,2086.984,3391.51
"2012-10-20 16:30:00",20422,12.64,1988.273,1917.831,2087.095,3391.691
"2012-10-20 16:40:00",20423,12.62,1988.926,1918.461,2087.78,3392.805
"2012-10-20 16:50:00",20424,12.61,1989.31,1918.831,2088.116,3393.461
"2012-10-20 17:00:00",20425,12.59,1989.426,1918.943,2088.237,3393.659
"2012-10-20 17:10:00",20426,12.59,1989.463,1918.979,2088.141,3393.79
"2012-10-20 17:20:00",20427,12.58,1989.474,1918.99,2087.204,3393.741
"2012-10-20 17:30:00",20428,12.58,1989.477,1918.993,2087.071,3393.746
"2012-10-20 17:40:00",20429,12.57,1989.504,1919.018,2087.506,3393.859
"2012-10-20 17:50:00",20430,12.57,1989.816,1919.32,2087.698,3394.46
"2012-10-20 18:00:00",20431,12.56,1990.073,1919.567,2087.764,3395.101
"2012-10-20 18:10:00",20432,12.56,1990.513,1919.992,2088.226,3396.598
"2012-10-20 18:20:00",20433,12.56,1990.732,1919.525,2088.387,3396.971
"2012-10-20 18:30:00",20434,12.56,1990.798,1918.911,2088.457,3397.289
"2012-10-20 18:40:00",20435,12.55,1990.818,1918.998,2088.478,3397.323
"2012-10-20 18:50:00",20436,12.54,1990.824,1918.936,2088.484,3397.401
"2012-10-20 19:00:00",20437,12.53,1990.826,1918.937,2088.486,3397.336
"2012-10-20 19:10:00",20438,12.53,1990.827,1918.938,2088.487,3397.405
"2012-10-20 19:20:00",20439,12.53,1990.827,1918.938,2088.487,3397.405
"2012-10-20 19:30:00",20440,12.52,1990.759,1918.938,2088.487,3397.405
"2012-10-20 19:40:00",20441,12.52,1990.72,1918.965,2088.517,3397.454
"2012-10-20 19:50:00",20442,12.52,1990.209,1918.996,2088.55,3397.507
"2012-10-20 20:00:00",20443,12.52,1990.219,1919.268,2088.846,3397.99
"2012-10-20 20:10:00",20444,12.52,1990.279,1919.587,2089.193,3398.554
"2012-10-20 20:20:00",20445,12.51,1990.555,1919.984,2089.625,3399.258
"2012-10-20 20:30:00",20446,12.51,1990.741,1920.163,2089.821,3399.575
"2012-10-20 20:40:00",20447,12.51,1990.864,1920.217,2089.879,3399.67
"2012-10-20 20:50:00",20448,12.5,1990.813,1920.233,2089.49,3399.698
"2012-10-20 21:00:00",20449,12.5,1990.886,1920.238,2088.816,3399.707
"2012-10-20 21:10:00",20450,12.5,1990.82,1920.24,2088.546,3399.709
"2012-10-20 21:20:00",20451,12.5,1990.82,1920.104,2088.546,3399.709
"2012-10-20 21:30:00",20452,12.5,1990.82,1919.629,2088.546,3399.709
"2012-10-20 21:40:00",20453,12.5,1990.82,1919.018,2088.682,3399.709
"2012-10-20 21:50:00",20454,12.49,1990.82,1918.882,2088.546,3399.709
"2012-10-20 22:00:00",20455,12.49,1990.82,1918.882,2088.546,3399.709
"2012-10-20 22:10:00",20456,12.49,1990.846,1918.907,2088.574,3399.754
"2012-10-20 22:20:00",20457,12.48,1990.929,1918.988,2088.661,3399.897
"2012-10-20 22:30:00",20458,12.48,1991.247,1919.294,2088.994,3400.439
"2012-10-20 22:40:00",20459,12.48,1991.418,1919.459,2089.174,3400.732
"2012-10-20 22:50:00",20460,12.48,1991.599,1919.633,2089.364,3401.04
"2012-10-20 23:00:00",20461,12.48,1991.888,1919.912,2089.667,3401.534
"2012-10-20 23:10:00",20462,12.47,1992.086,1920.103,2089.875,3401.872
"2012-10-20 23:20:00",20463,12.47,1992.146,1920.16,2089.937,3401.975
"2012-10-20 23:30:00",20464,12.47,1992.164,1920.177,2089.956,3402.005
"2012-10-20 23:40:00",20465,12.47,1992.169,1920.183,2089.962,3402.015
"2012-10-20 23:50:00",20466,12.46,1992.171,1920.185,2089.964,3402.018
"2012-10-21 00:00:00",20467,12.46,1992.171,1920.185,2089.964,3402.018
"2012-10-21 00:10:00",20468,12.46,1992.171,1920.185,2089.964,3402.018
"2012-10-21 00:20:00",20469,12.46,1992.171,1920.185,2089.964,3402.018
"2012-10-21 00:30:00",20470,12.46,1992.171,1920.185,2089.964,3402.018
"2012-10-21 00:40:00",20471,12.45,1992.171,1920.185,2089.964,3402.018
"2012-10-21 00:50:00",20472,12.45,1992.171,1920.185,2089.964,3402.018
"2012-10-21 01:00:00",20473,12.45,1992.171,1920.185,2089.964,3402.018
"2012-10-21 01:10:00",20474,12.45,1992.171,1920.185,2089.964,3402.018
"2012-10-21 01:20:00",20475,12.44,1992.171,1920.185,2089.964,3402.018
"2012-10-21 01:30:00",20476,12.44,1992.171,1920.185,2089.964,3402.018
"2012-10-21 01:40:00",20477,12.44,1992.171,1920.185,2089.964,3402.018
"2012-10-21 01:50:00",20478,12.44,1992.171,1920.185,2089.964,3402.018
"2012-10-21 02:00:00",20479,12.44,1992.171,1920.185,2089.964,3402.154
"2012-10-21 02:10:00",20480,12.43,1992.171,1920.185,2089.964,3402.765
"2012-10-21 02:20:00",20481,12.43,1992.171,1920.185,2089.964,3403.376
"2012-10-21 02:30:00",20482,12.43,1993.054,1920.185,2089.964,3403.376
"2012-10-21 02:40:00",20483,12.43,1993.53,1920.253,2089.964,3403.376
"2012-10-21 02:50:00",20484,12.43,1993.53,1920.388,2089.964,3403.376
"2012-10-21 03:00:00",20485,12.42,1993.53,1920.253,2089.964,3403.376
"2012-10-21 03:10:00",20486,12.42,1993.53,1920.728,2089.964,3403.376
"2012-10-21 03:20:00",20487,12.42,1993.53,1920.524,2089.964,3403.376
"2012-10-21 03:30:00",20488,12.42,1993.53,1920.592,2089.964,3403.512
"2012-10-21 03:40:00",20489,12.41,1993.53,1920.524,2089.964,3403.445
"2012-10-21 03:50:00",20490,12.41,1993.53,1920.592,2089.964,3403.58
"2012-10-21 04:00:00",20491,12.41,1993.53,1920.728,2089.964,3403.988
"2012-10-21 04:10:00",20492,12.41,1993.53,1921.068,2089.964,3404.735
"2012-10-21 04:20:00",20493,12.4,1993.53,1920.864,2089.964,3404.667
"2012-10-21 04:30:00",20494,12.4,1993.53,1920.592,2089.964,3404.735
"2012-10-21 04:40:00",20495,12.4,1993.53,1920.796,2089.964,3404.735
"2012-10-21 04:50:00",20496,12.4,1993.53,1920.728,2089.964,3404.735
"2012-10-21 05:00:00",20497,12.39,1993.53,1920.66,2089.964,3404.735
"2012-10-21 05:10:00",20498,12.39,1993.53,1920.932,2089.964,3404.735
"2012-10-21 05:20:00",20499,12.39,1993.53,1920.796,2089.964,3404.735
"2012-10-21 05:30:00",20500,12.39,1993.53,1920.66,2089.964,3404.735
"2012-10-21 05:40:00",20501,12.38,1993.53,1920.728,2089.964,3404.735
"2012-10-21 05:50:00",20502,12.38,1993.53,1921.135,2089.964,3404.735
"2012-10-21 06:00:00",20503,12.38,1993.53,1921.271,2089.964,3404.735
"2012-10-21 06:10:00",20504,12.38,1993.53,1921.339,2089.964,3404.735
"2012-10-21 06:20:00",20505,12.38,1993.665,1921.543,2089.964,3404.735
"2012-10-21 06:30:00",20506,12.37,1994.48,1921.543,2089.964,3404.735
"2012-10-21 06:40:00",20507,12.37,1994.82,1921.543,2089.964,3404.735
"2012-10-21 06:50:00",20508,12.37,1994.888,1921.543,2090.032,3404.87
"2012-10-21 07:00:00",20509,12.38,1994.888,1921.543,2091.322,3404.87
"2012-10-21 07:10:00",20510,12.4,1994.666,1921.397,2091.09,3404.696
"2012-10-21 07:20:00",20511,12.44,1994.037,1922.081,2090.431,3404.573
"2012-10-21 07:30:00",20512,12.61,1993.695,1921.751,2090.682,3404.055
"2012-10-21 07:40:00",20513,12.67,1993.582,1921.643,2091.175,3403.863
"2012-10-21 07:50:00",20514,12.68,1993.549,1921.611,2091.276,3404.417
"2012-10-21 08:00:00",20515,12.67,1993.143,1921.219,2090.85,3404.402
"2012-10-21 08:10:00",20516,12.6,1992.504,1920.604,2090.18,3403.311
"2012-10-21 08:20:00",20517,12.56,1992.213,1920.388,2089.946,3402.658
"2012-10-21 08:30:00",20518,12.56,1992.145,1920.323,2089.807,3402.881
"2012-10-21 08:40:00",20519,12.63,1992.192,1920.303,2089.853,3402.778
"2012-10-21 08:50:00",20520,12.77,1991.779,1920.297,2089.575,3402.632
"2012-10-21 09:00:00",20521,12.75,1992.049,1920.296,2088.827,3402.493
"2012-10-21 09:10:00",20522,12.78,1991.896,1920.149,2088.329,3402.505
"2012-10-21 09:20:00",20523,12.87,1991.369,1919.836,2087.989,3401.748
"2012-10-21 09:30:00",20524,12.9,1990.551,1919.701,2087.842,3401.508
"2012-10-21 09:40:00",20525,12.92,1990.027,1919.523,2087.648,3400.786
"2012-10-21 09:50:00",20526,12.96,1989.734,1919.235,2087.483,3399.838
"2012-10-21 10:00:00",20527,12.97,1989.608,1919.119,2087.208,3399.391
"2012-10-21 10:10:00",20528,13.3,1989.517,1919.031,2087.113,3399.236
"2012-10-21 10:20:00",20529,13.55,1989.355,1918.802,2086.814,3399.191
"2012-10-21 10:30:00",20530,13.69,1989.482,1918.997,2086.941,3399.177
"2012-10-21 10:40:00",20531,14.45,1989.751,1918.86,2086.938,3399.172
"2012-10-21 10:50:00",20532,14.3,1989.411,1918.995,2086.328,3398.561
"2012-10-21 11:00:00",20533,14.56,1989.073,1918.859,2086.734,3397.883
"2012-10-21 11:10:00",20534,14.45,1988.937,1918.791,2086.125,3397.951
"2012-10-21 11:20:00",20535,14.52,1988.392,1918.791,2086.525,3397.695
"2012-10-21 11:30:00",20536,14.61,1987.457,1917.671,2085.767,3396.724
"2012-10-21 11:40:00",20537,14.54,1987.026,1917.867,2084.566,3395.939
"2012-10-21 11:50:00",20538,14.45,1986.986,1917.359,2084.653,3395.504
"2012-10-21 12:00:00",20539,14.55,1986.934,1917.106,2084.802,3395.281
"2012-10-21 12:10:00",20540,13.83,1986.717,1916.957,2084.854,3394.781
"2012-10-21 12:20:00",20541,14.53,1987.389,1916.817,2085.459,3394.502
"2012-10-21 12:30:00",20542,14.48,1986.507,1916.883,2085.254,3393.823
"2012-10-21 12:40:00",20543,14.54,1986.981,1916.612,2085.39,3393.822
"2012-10-21 12:50:00",20544,14.58,1986.845,1916.612,2085.254,3393.009
"2012-10-21 13:00:00",20545,14.57,1986.642,1916.273,2085.458,3392.874
"2012-10-21 13:10:00",20546,14.62,1986.778,1916.612,2085.254,3392.535
"2012-10-21 13:20:00",20547,13.75,1987.049,1916.612,2085.119,3392.535
"2012-10-21 13:30:00",20548,14.53,1986.913,1916.544,2085.661,3392.197
"2012-10-21 13:40:00",20549,14.53,1987.252,1916.341,2085.661,3391.79
"2012-10-21 13:50:00",20550,14.64,1987.184,1916.544,2085.661,3391.452
"2012-10-21 14:00:00",20551,14.63,1987.117,1916.612,2085.728,3390.91
"2012-10-21 14:10:00",20552,14.58,1987.658,1917.221,2085.796,3390.707
"2012-10-21 14:20:00",20553,14.17,1987.455,1917.018,2085.593,3390.3
"2012-10-21 14:30:00",20554,13.31,1987.929,1917.56,2085.661,3390.097
"2012-10-21 14:40:00",20555,13.82,1988.132,1917.696,2085.661,3390.097
"2012-10-21 14:50:00",20556,13.26,1987.997,1917.696,2085.593,3390.165
"2012-10-21 15:00:00",20557,13.05,1988.607,1917.696,2085.999,3390.097
"2012-10-21 15:10:00",20558,13.17,1988.878,1917.696,2085.999,3389.962
"2012-10-21 15:20:00",20559,12.92,1988.403,1917.696,2086.473,3390.097
"2012-10-21 15:30:00",20560,12.94,1989.081,1917.696,2086.541,3390.097
"2012-10-21 15:40:00",20561,13.01,1988.65,1917.738,2086.587,3390.172
"2012-10-21 15:50:00",20562,12.88,1989.292,1917.769,2087.095,3390.227
"2012-10-21 16:00:00",20563,12.79,1989.271,1917.814,2087.076,3390.306
"2012-10-21 16:10:00",20564,12.77,1989.504,1917.843,2087.107,3390.357
"2012-10-21 16:20:00",20565,12.73,1989.934,1918.127,2087.484,3390.859
"2012-10-21 16:30:00",20566,12.68,1990.29,1918.535,2087.929,3391.581
"2012-10-21 16:40:00",20567,12.64,1990.677,1918.843,2088.264,3392.059
"2012-10-21 16:50:00",20568,12.64,1990.717,1918.946,2088.376,3392.173
"2012-10-21 17:00:00",20569,12.63,1990.82,1918.98,2088.413,3392.368
"2012-10-21 17:10:00",20570,12.64,1990.83,1919.125,2088.423,3392.385
"2012-10-21 17:20:00",20571,12.62,1990.833,1919.264,2088.427,3392.391
"2012-10-21 17:30:00",20572,12.59,1991.511,1920.01,2088.428,3392.392
"2012-10-21 17:40:00",20573,12.59,1992.189,1920.349,2088.428,3392.731
"2012-10-21 17:50:00",20574,12.58,1992.214,1920.373,2089.131,3393.586
"2012-10-21 18:00:00",20575,12.57,1992.952,1920.561,2090.014,3394.123
"2012-10-21 18:10:00",20576,12.57,1994,1920.853,2090.332,3394.639
"2012-10-21 18:20:00",20577,12.57,1994.501,1921.27,2090.786,3395.512
"2012-10-21 18:30:00",20578,12.56,1994.776,1921.535,2091.074,3396.861
"2012-10-21 18:40:00",20579,12.56,1994.859,1921.615,2091.161,3397.273
"2012-10-21 18:50:00",20580,12.56,1994.885,1921.64,2091.188,3397.387
"2012-10-21 19:00:00",20581,12.56,1994.893,1921.648,2091.197,3397.4
"2012-10-21 19:10:00",20582,12.55,1994.895,1921.65,2091.199,3397.404
"2012-10-21 19:20:00",20583,12.55,1994.896,1921.651,2091.2,3397.405
"2012-10-21 19:30:00",20584,12.55,1994.896,1921.651,2091.2,3397.608
"2012-10-21 19:40:00",20585,12.54,1994.896,1921.651,2091.2,3398.49
"2012-10-21 19:50:00",20586,12.54,1994.896,1921.651,2091.2,3398.761
"2012-10-21 20:00:00",20587,12.54,1994.903,1921.657,2091.207,3398.773
"2012-10-21 20:10:00",20588,12.54,1994.934,1921.687,2091.24,3398.826
"2012-10-21 20:20:00",20589,12.53,1995.156,1921.901,2091.472,3399.204
"2012-10-21 20:30:00",20590,12.53,1995.451,1922.185,2091.781,3399.707
"2012-10-21 20:40:00",20591,12.53,1995.656,1922.383,2091.997,3400.057
"2012-10-21 20:50:00",20592,12.53,1995.948,1922.664,2092.303,3401.097
"2012-10-21 21:00:00",20593,12.52,1996.146,1922.855,2092.51,3402.045
"2012-10-21 21:10:00",20594,12.52,1996.219,1922.925,2092.587,3402.374
"2012-10-21 21:20:00",20595,12.52,1996.24,1922.946,2092.609,3402.41
"2012-10-21 21:30:00",20596,12.52,1996.247,1922.952,2092.616,3402.42
"2012-10-21 21:40:00",20597,12.52,1996.249,1922.954,2092.618,3402.424
"2012-10-21 21:50:00",20598,12.52,1996.249,1922.954,2092.618,3402.424
"2012-10-21 22:00:00",20599,12.51,1996.249,1922.954,2092.618,3402.424
"2012-10-21 22:10:00",20600,12.51,1996.249,1922.954,2092.618,3402.424
"2012-10-21 22:20:00",20601,12.51,1996.249,1922.954,2092.618,3402.424
"2012-10-21 22:30:00",20602,12.51,1996.249,1922.954,2092.618,3402.424
"2012-10-21 22:40:00",20603,12.5,1996.249,1922.954,2092.618,3402.424
"2012-10-21 22:50:00",20604,12.5,1996.249,1922.954,2092.618,3402.424
"2012-10-21 23:00:00",20605,12.5,1996.249,1922.954,2092.618,3402.424
"2012-10-21 23:10:00",20606,12.5,1996.249,1922.954,2092.618,3402.56
"2012-10-21 23:20:00",20607,12.5,1996.249,1922.954,2092.618,3402.424
"2012-10-21 23:30:00",20608,12.5,1996.249,1922.954,2092.618,3402.424
"2012-10-21 23:40:00",20609,12.49,1996.249,1922.954,2092.618,3402.56
"2012-10-21 23:50:00",20610,12.49,1996.249,1922.954,2092.618,3402.831
"2012-10-22 00:00:00",20611,12.49,1996.249,1922.954,2092.618,3402.967
"2012-10-22 00:10:00",20612,12.48,1996.249,1922.954,2092.618,3402.831
"2012-10-22 00:20:00",20613,12.48,1996.249,1922.954,2092.618,3402.967
"2012-10-22 00:30:00",20614,12.48,1996.319,1923.022,2092.692,3402.748
"2012-10-22 00:40:00",20615,12.48,1996.532,1923.227,2092.915,3402.975
"2012-10-22 00:50:00",20616,12.48,1996.715,1923.403,2093.106,3403.218
"2012-10-22 01:00:00",20617,12.48,1996.906,1923.587,2093.307,3403.544
"2012-10-22 01:10:00",20618,12.47,1997.265,1923.933,2093.616,3404.157
"2012-10-22 01:20:00",20619,12.47,1997.506,1924.165,2093.257,3404.703
"2012-10-22 01:30:00",20620,12.47,1997.439,1924.163,2092.649,3404.82
"2012-10-22 01:40:00",20621,12.47,1997.323,1923.707,2092.671,3404.787
"2012-10-22 01:50:00",20622,12.46,1997.534,1923.306,2092.678,3404.73
"2012-10-22 02:00:00",20623,12.46,1997.536,1923.172,2092.68,3404.734
"2012-10-22 02:10:00",20624,12.46,1996.857,1922.901,2092.681,3404.735
"2012-10-22 02:20:00",20625,12.46,1996.246,1922.901,2092.681,3404.735
"2012-10-22 02:30:00",20626,12.45,1996.246,1922.901,2092.681,3404.735
"2012-10-22 02:40:00",20627,12.45,1996.246,1922.901,2092.681,3404.735
"2012-10-22 02:50:00",20628,12.45,1996.246,1922.901,2092.681,3404.735
"2012-10-22 03:00:00",20629,12.45,1996.246,1922.901,2092.681,3404.735
"2012-10-22 03:10:00",20630,12.44,1996.246,1922.901,2092.681,3404.735
"2012-10-22 03:20:00",20631,12.44,1996.246,1922.901,2092.681,3404.735
"2012-10-22 03:30:00",20632,12.44,1996.246,1922.901,2092.681,3404.735
"2012-10-22 03:40:00",20633,12.43,1996.246,1922.901,2092.681,3404.735
"2012-10-22 03:50:00",20634,12.43,1996.246,1922.901,2092.681,3404.735
"2012-10-22 04:00:00",20635,12.43,1996.246,1922.901,2092.681,3404.735
"2012-10-22 04:10:00",20636,12.43,1996.246,1922.901,2092.681,3404.735
"2012-10-22 04:20:00",20637,12.43,1996.246,1922.901,2092.681,3404.735
"2012-10-22 04:30:00",20638,12.42,1996.246,1922.901,2092.681,3404.735
"2012-10-22 04:40:00",20639,12.42,1996.246,1922.901,2092.681,3404.735
"2012-10-22 04:50:00",20640,12.42,1996.246,1922.901,2092.681,3404.735
"2012-10-22 05:00:00",20641,12.42,1996.246,1922.901,2092.681,3404.87
"2012-10-22 05:10:00",20642,12.41,1996.314,1922.901,2092.681,3404.735
"2012-10-22 05:20:00",20643,12.41,1996.993,1922.901,2092.681,3404.803
"2012-10-22 05:30:00",20644,12.41,1997.468,1922.901,2092.681,3404.87
"2012-10-22 05:40:00",20645,12.41,1997.265,1922.969,2092.681,3405.618
"2012-10-22 05:50:00",20646,12.4,1997.332,1923.58,2092.681,3406.025
"2012-10-22 06:00:00",20647,12.4,1997.604,1924.192,2092.681,3406.093
"2012-10-22 06:10:00",20648,12.4,1997.604,1924.259,2092.681,3406.093
"2012-10-22 06:20:00",20649,12.4,1997.604,1924.259,2092.681,3406.093
"2012-10-22 06:30:00",20650,12.4,1997.604,1924.259,2092.681,3406.636
"2012-10-22 06:40:00",20651,12.39,1997.604,1924.259,2093.835,3407.451
"2012-10-22 06:50:00",20652,12.4,1997.604,1924.259,2094.039,3407.451
"2012-10-22 07:00:00",20653,12.4,1998.555,1924.395,2094.039,3407.451
"2012-10-22 07:10:00",20654,12.43,1998.955,1925.339,2094.032,3407.575
"2012-10-22 07:20:00",20655,12.45,1998.946,1925.341,2094.756,3408.319
"2012-10-22 07:30:00",20656,12.44,1999.491,1924.884,2094.599,3407.51
"2012-10-22 07:40:00",20657,12.47,1998.928,1924.811,2094.223,3406.9
"2012-10-22 07:50:00",20658,12.46,1998.968,1925.466,2094.051,3406.754
"2012-10-22 08:00:00",20659,12.54,1998.51,1924.808,2093.999,3406.534
"2012-10-22 08:10:00",20660,12.62,1998.021,1924.658,2093.983,3406.509
"2012-10-22 08:20:00",20661,12.62,1997.609,1924.992,2093.978,3406.5
"2012-10-22 08:30:00",20662,12.83,1997.336,1924.177,2092.823,3405.413
"2012-10-22 08:40:00",20663,12.86,1997.2,1924.177,2092.688,3405.005
"2012-10-22 08:50:00",20664,12.74,1996.929,1924.041,2092.62,3405.005
"2012-10-22 09:00:00",20665,12.73,1996.25,1923.295,2092.62,3405.141
"2012-10-22 09:10:00",20666,12.67,1996.264,1922.968,2092.634,3405.029
"2012-10-22 09:20:00",20667,12.63,1996.15,1923.94,2092.657,3404.93
"2012-10-22 09:30:00",20668,12.67,1996.396,1923.576,2092.63,3404.684
"2012-10-22 09:40:00",20669,12.66,1996.253,1924.044,2092.623,3404.332
"2012-10-22 09:50:00",20670,12.78,1996.047,1924.042,2092.62,3403.649
"2012-10-22 10:00:00",20671,12.85,1996.115,1924.041,2092.416,3403.512
"2012-10-22 10:10:00",20672,12.91,1995.707,1923.43,2091.737,3403.105
"2012-10-22 10:20:00",20673,13.04,1995.3,1923.023,2091.262,3403.038
"2012-10-22 10:30:00",20674,13.66,1994.765,1922.903,2091.057,3402.636
"2012-10-22 10:40:00",20675,14.31,1994.093,1922.255,2090.42,3401.014
"2012-10-22 10:50:00",20676,14.52,1993.416,1921.794,2089.999,3400.438
"2012-10-22 11:00:00",20677,14.53,1992.433,1921.696,2089.892,3400.197
"2012-10-22 11:10:00",20678,14.48,1992.807,1921.664,2089.858,3400.141
"2012-10-22 11:20:00",20679,14.37,1992.255,1921.519,2089.848,3400.193
"2012-10-22 11:30:00",20680,14.52,1992.185,1921.517,2089.845,3400.12
"2012-10-22 11:40:00",20681,13.73,1992.184,1921.651,2089.708,3400.119
"2012-10-22 11:50:00",20682,13.44,1992.184,1921.651,2089.844,3400.119
"2012-10-22 12:00:00",20683,13.06,1992.048,1921.245,2089.776,3399.983
"2012-10-22 12:10:00",20684,13.95,1992.116,1920.566,2089.64,3399.983
"2012-10-22 12:20:00",20685,14.14,1992.184,1920.634,2089.708,3399.78
"2012-10-22 12:30:00",20686,12.96,1991.845,1921.109,2089.844,3398.966
"2012-10-22 12:40:00",20687,13.89,1992.184,1921.109,2089.505,3399.848
"2012-10-22 12:50:00",20688,14.63,1992.184,1920.566,2089.708,3398.898
"2012-10-22 13:00:00",20689,13.67,1992.048,1921.516,2089.708,3398.898
"2012-10-22 13:10:00",20690,13.86,1992.445,1921.707,2089.837,3398.862
"2012-10-22 13:20:00",20691,14.19,1992.623,1922.075,2090.237,3399.512
"2012-10-22 13:30:00",20692,14.08,1992.941,1922.115,2090.292,3399.619
"2012-10-22 13:40:00",20693,14.29,1992.843,1921.745,2090.332,3399.616
"2012-10-22 13:50:00",20694,14.57,1992.854,1921.89,2090.479,3399.295
"2012-10-22 14:00:00",20695,14.2,1992.715,1921.684,2090.204,3398.543
"2012-10-22 14:10:00",20696,13.64,1992.621,1921.729,2090.31,3398.927
"2012-10-22 14:20:00",20697,13.57,1992.429,1921.069,2089.973,3398.192
"2012-10-22 14:30:00",20698,14.23,1992.268,1920.575,2089.464,3397.849
"2012-10-22 14:40:00",20699,14.09,1992.534,1920.839,2088.919,3397.82
"2012-10-22 14:50:00",20700,12.99,1992.292,1920.736,2088.74,3397.571
"2012-10-22 15:00:00",20701,13.66,1991.578,1920.563,2088.706,3397.49
"2012-10-22 15:10:00",20702,13.9,1991.957,1920.263,2088.748,3397.762
"2012-10-22 15:20:00",20703,13.06,1992.449,1920.882,2088.911,3398.206
"2012-10-22 15:30:00",20704,12.88,1992.22,1920.793,2088.61,3397.911
"2012-10-22 15:40:00",20705,13.29,1992.261,1920.563,2088.582,3397.594
"2012-10-22 15:50:00",20706,13.01,1991.783,1920.834,2088.643,3397.608
"2012-10-22 16:00:00",20707,12.84,1991.886,1920.39,2088.615,3397.512
"2012-10-22 16:10:00",20708,12.86,1992.466,1920.693,2089.068,3397.536
"2012-10-22 16:20:00",20709,12.83,1992.674,1921.025,2089.293,3397.512
"2012-10-22 16:30:00",20710,12.71,1992.444,1921.261,2089.686,3398.066
"2012-10-22 16:40:00",20711,12.93,1993.131,1921.535,2089.701,3399.193
"2012-10-22 16:50:00",20712,12.83,1993.516,1921.579,2089.748,3399.135
"2012-10-22 17:00:00",20713,12.67,1993.529,1921.592,2089.83,3398.954
"2012-10-22 17:10:00",20714,12.77,1993.533,1921.595,2089.902,3398.961
"2012-10-22 17:20:00",20715,12.64,1993.621,1921.615,2089.923,3398.86
"2012-10-22 17:30:00",20716,12.61,1993.713,1921.769,2090.09,3399.539
"2012-10-22 17:40:00",20717,12.59,1995.275,1922.097,2090.447,3400.391
"2012-10-22 17:50:00",20718,12.58,1995.438,1922.385,2090.828,3400.968
"2012-10-22 18:00:00",20719,12.57,1996.01,1923.014,2091.347,3400.937
"2012-10-22 18:10:00",20720,12.56,1996.038,1923.24,2091.383,3401.42
"2012-10-22 18:20:00",20721,12.55,1996.225,1922.881,2091.3,3401.371
"2012-10-22 18:30:00",20722,12.55,1996.104,1922.895,2091.451,3401.736
"2012-10-22 18:40:00",20723,12.55,1996.244,1923.103,2091.66,3401.608
"2012-10-22 18:50:00",20724,12.54,1996.993,1923.58,2092.001,3401.95
"2012-10-22 19:00:00",20725,12.54,1996.857,1924.192,2092.409,3402.018
"2012-10-22 19:10:00",20726,12.53,1997.197,1924.056,2092.137,3401.814
"2012-10-22 19:20:00",20727,12.53,1997.468,1924.259,2092.477,3401.611
"2012-10-22 19:30:00",20728,12.53,1997.604,1924.259,2092.681,3402.018
"2012-10-22 19:40:00",20729,12.52,1997.604,1924.259,2092.545,3402.018
"2012-10-22 19:50:00",20730,12.52,1997.332,1924.259,2092.545,3402.018
"2012-10-22 20:00:00",20731,12.52,1997.604,1924.259,2092.681,3402.018
"2012-10-22 20:10:00",20732,12.51,1997.468,1924.259,2092.681,3402.018
"2012-10-22 20:20:00",20733,12.51,1997.604,1924.259,2092.681,3402.018
"2012-10-22 20:30:00",20734,12.51,1997.536,1924.259,2092.613,3402.018
"2012-10-22 20:40:00",20735,12.51,1997.604,1924.259,2092.681,3402.018
"2012-10-22 20:50:00",20736,12.51,1997.604,1924.259,2092.681,3402.018
"2012-10-22 21:00:00",20737,12.5,1997.604,1924.259,2092.681,3402.29
"2012-10-22 21:10:00",20738,12.5,1997.604,1924.259,2092.681,3402.018
"2012-10-22 21:20:00",20739,12.5,1997.604,1924.259,2092.681,3402.018
"2012-10-22 21:30:00",20740,12.49,1997.604,1924.259,2092.681,3402.154
"2012-10-22 21:40:00",20741,12.49,1997.604,1924.259,2092.681,3402.426
"2012-10-22 21:50:00",20742,12.49,1997.604,1924.259,2092.681,3402.969
"2012-10-22 22:00:00",20743,12.49,1997.604,1924.259,2092.545,3403.105
"2012-10-22 22:10:00",20744,12.49,1997.604,1924.259,2092.681,3403.105
"2012-10-22 22:20:00",20745,12.48,1998.011,1924.259,2092.681,3403.241
"2012-10-22 22:30:00",20746,12.48,1998.283,1924.259,2092.681,3403.376
"2012-10-22 22:40:00",20747,12.48,1998.691,1924.259,2092.681,3403.376
"2012-10-22 22:50:00",20748,12.48,1998.962,1924.259,2092.681,3403.376
"2012-10-22 23:00:00",20749,12.47,1998.962,1924.667,2092.681,3403.376
"2012-10-22 23:10:00",20750,12.47,1998.962,1925.618,2092.681,3403.376
"2012-10-22 23:20:00",20751,12.47,1998.962,1925.618,2092.681,3403.376
"2012-10-22 23:30:00",20752,12.46,1998.962,1925.618,2092.681,3403.784
"2012-10-22 23:40:00",20753,12.46,1998.962,1925.618,2092.681,3404.599
"2012-10-22 23:50:00",20754,12.46,1999.302,1925.618,2092.681,3404.735
"2012-10-23 00:00:00",20755,12.46,1999.506,1925.618,2092.681,3404.735
"2012-10-23 00:10:00",20756,12.46,2000.049,1925.618,2092.681,3404.735
"2012-10-23 00:20:00",20757,12.45,2000.321,1925.618,2092.681,3404.735
"2012-10-23 00:30:00",20758,12.45,2000.321,1925.618,2092.749,3404.735
"2012-10-23 00:40:00",20759,12.45,2000.321,1925.618,2093.088,3404.735
"2012-10-23 00:50:00",20760,12.45,2000.185,1925.618,2093.496,3404.735
"2012-10-23 01:00:00",20761,12.44,2000.321,1926.093,2092.952,3404.735
"2012-10-23 01:10:00",20762,12.44,2000.321,1925.686,2093.156,3404.735
"2012-10-23 01:20:00",20763,12.44,2000.321,1926.636,2093.224,3404.735
"2012-10-23 01:30:00",20764,12.43,2000.321,1926.976,2093.496,3404.735
"2012-10-23 01:40:00",20765,12.43,2000.321,1926.84,2094.039,3404.735
"2012-10-23 01:50:00",20766,12.43,2000.66,1926.976,2093.835,3404.735
"2012-10-23 02:00:00",20767,12.42,2001.271,1926.976,2094.039,3404.735
"2012-10-23 02:10:00",20768,12.42,2001.543,1926.976,2094.039,3404.735
"2012-10-23 02:20:00",20769,12.42,2001.679,1926.976,2094.039,3404.735
"2012-10-23 02:30:00",20770,12.41,2001.611,1926.976,2093.971,3404.735
"2012-10-23 02:40:00",20771,12.41,2001.407,1926.976,2093.767,3404.803
"2012-10-23 02:50:00",20772,12.41,2001.475,1926.976,2093.903,3404.735
"2012-10-23 03:00:00",20773,12.4,2001.611,1926.976,2093.767,3404.803
"2012-10-23 03:10:00",20774,12.4,2001.543,1926.976,2093.835,3404.735
"2012-10-23 03:20:00",20775,12.4,2001.543,1926.908,2093.292,3404.735
"2012-10-23 03:30:00",20776,12.39,2001.339,1926.976,2092.816,3404.735
"2012-10-23 03:40:00",20777,12.39,2001.679,1926.976,2092.816,3404.803
"2012-10-23 03:50:00",20778,12.38,2001.679,1926.976,2093.699,3405.278
"2012-10-23 04:00:00",20779,12.38,2001.679,1926.976,2094.039,3406.093
"2012-10-23 04:10:00",20780,12.38,2001.679,1926.976,2094.039,3406.093
"2012-10-23 04:20:00",20781,12.37,2001.679,1926.976,2094.039,3406.093
"2012-10-23 04:30:00",20782,12.37,2001.679,1926.976,2094.039,3406.093
"2012-10-23 04:40:00",20783,12.36,2001.679,1926.976,2094.039,3406.093
"2012-10-23 04:50:00",20784,12.36,2001.679,1926.976,2094.039,3406.976
"2012-10-23 05:00:00",20785,12.36,2001.679,1926.976,2094.039,3407.315
"2012-10-23 05:10:00",20786,12.36,2001.815,1926.976,2094.039,3407.451
"2012-10-23 05:20:00",20787,12.35,2002.222,1926.976,2094.039,3407.451
"2012-10-23 05:30:00",20788,12.35,2003.037,1926.976,2094.039,3407.383
"2012-10-23 05:40:00",20789,12.35,2003.037,1926.976,2094.039,3407.451
"2012-10-23 05:50:00",20790,12.35,2002.833,1926.976,2094.039,3407.451
"2012-10-23 06:00:00",20791,12.35,2003.037,1926.976,2094.039,3407.451
"2012-10-23 06:10:00",20792,12.35,2003.037,1926.976,2094.039,3407.451
"2012-10-23 06:20:00",20793,12.35,2003.037,1926.976,2094.039,3407.451
"2012-10-23 06:30:00",20794,12.37,2003.037,1927.383,2094.039,3407.451
"2012-10-23 06:40:00",20795,12.39,2003.037,1928.266,2094.039,3407.451
"2012-10-23 06:50:00",20796,12.35,2003.037,1928.334,2094.039,3407.451
"2012-10-23 07:00:00",20797,12.39,2003.037,1928.334,2094.107,3407.519
"2012-10-23 07:10:00",20798,12.42,2003.037,1928.334,2094.514,3407.655
"2012-10-23 07:20:00",20799,12.44,2003.037,1928.334,2095.125,3408.266
"2012-10-23 07:30:00",20800,12.44,2002.896,1928.198,2095.25,3408.501
"2012-10-23 07:40:00",20801,12.66,2002.564,1927.879,2094.902,3408.003
"2012-10-23 07:50:00",20802,12.63,2002.421,1928.759,2094.752,3407.76
"2012-10-23 08:00:00",20803,12.79,2003.034,1928.97,2094.613,3407.533
"2012-10-23 08:10:00",20804,12.66,2002.302,1928.592,2094.202,3406.866
"2012-10-23 08:20:00",20805,12.71,2001.811,1928.445,2094.043,3406.606
"2012-10-23 08:30:00",20806,12.76,2002.581,1928.403,2093.997,3406.532
"2012-10-23 08:40:00",20807,12.84,2003.11,1928.39,2093.982,3406.644
"2012-10-23 08:50:00",20808,12.89,2003.038,1928.386,2093.978,3406.501
"2012-10-23 09:00:00",20809,12.91,2003.037,1928.385,2093.977,3406.499
"2012-10-23 09:10:00",20810,12.84,2002.29,1928.385,2093.977,3406.499
"2012-10-23 09:20:00",20811,12.92,2001.679,1928.385,2093.977,3406.499
"2012-10-23 09:30:00",20812,12.93,2001.679,1928.385,2093.977,3406.499
"2012-10-23 09:40:00",20813,12.9,2001.679,1928.385,2093.977,3406.499
"2012-10-23 09:50:00",20814,13.13,2001.679,1928.385,2093.977,3406.499
"2012-10-23 10:00:00",20815,13.01,2001.679,1928.385,2093.977,3406.499
"2012-10-23 10:10:00",20816,13.65,2001.679,1928.385,2093.502,3406.499
"2012-10-23 10:20:00",20817,13.49,2001.648,1928.354,2092.722,3406.445
"2012-10-23 10:30:00",20818,13.49,2001.275,1927.995,2092.265,3405.811
"2012-10-23 10:40:00",20819,14.32,2001.027,1927.755,2091.937,3405.387
"2012-10-23 10:50:00",20820,14.53,2000.477,1927.485,2091.717,3404.961
"2012-10-23 11:00:00",20821,14.48,1999.999,1927.153,2091.498,3404.562
"2012-10-23 11:10:00",20822,14.24,2000.184,1927.14,2091.269,3404.299
"2012-10-23 11:20:00",20823,14.49,2000.342,1927.096,2091.221,3404.222
"2012-10-23 11:30:00",20824,14.47,1999.65,1926.947,2091.207,3404.198
"2012-10-23 11:40:00",20825,14.53,1999.781,1926.943,2091.202,3404.191
"2012-10-23 11:50:00",20826,13.69,2000.051,1926.941,2091.336,3404.188
"2012-10-23 12:00:00",20827,14.6,1999.644,1927.077,2091.404,3404.052
