"TOA5","Kanga_Sap03F","CR1000","33602","CR1000.Std.19","CPU:UTS_SAP02_3F_Dendro24hrMinMaxHMP45.cr1","11683","DendroTenMinOutput"
"TIMESTAMP","RECORD","Batt_Volt_Avg","Dendro_Avg(1)","Dendro_Avg(2)","Dendro_Avg(3)","Dendro_Avg(4)"
"TS","RN","Volts","mV","mV","mV","mV"
"","","Avg","Avg","Avg","Avg","Avg"
"2012-10-02 23:30:00",17872,12.35,1948.708,1883.512,2053.292,3373.495
"2012-10-02 23:40:00",17873,12.34,1948.708,1883.512,2053.292,3373.495
"2012-10-02 23:50:00",17874,12.34,1948.708,1883.512,2053.292,3373.835
"2012-10-03 00:00:00",17875,12.34,1948.708,1883.512,2053.292,3373.631
"2012-10-03 00:10:00",17876,12.33,1948.708,1883.512,2053.292,3374.31
"2012-10-03 00:20:00",17877,12.33,1948.708,1883.512,2053.292,3374.65
"2012-10-03 00:30:00",17878,12.33,1948.708,1883.512,2053.292,3374.718
"2012-10-03 00:40:00",17879,12.33,1948.708,1883.512,2053.292,3374.854
"2012-10-03 00:50:00",17880,12.32,1948.708,1883.512,2053.292,3374.854
"2012-10-03 01:00:00",17881,12.32,1948.708,1883.512,2053.292,3374.854
"2012-10-03 01:10:00",17882,12.32,1948.708,1883.512,2053.292,3374.854
"2012-10-03 01:20:00",17883,12.31,1948.708,1883.512,2053.292,3374.854
"2012-10-03 01:30:00",17884,12.31,1948.708,1883.512,2053.292,3374.854
"2012-10-03 01:40:00",17885,12.31,1948.708,1883.512,2053.292,3374.854
"2012-10-03 01:50:00",17886,12.31,1948.708,1883.512,2053.292,3374.854
"2012-10-03 02:00:00",17887,12.31,1948.733,1883.537,2053.318,3374.897
"2012-10-03 02:10:00",17888,12.3,1948.808,1883.609,2053.397,3375.027
"2012-10-03 02:20:00",17889,12.3,1948.828,1883.629,2053.419,3375.063
"2012-10-03 02:30:00",17890,12.3,1948.868,1883.668,2053.461,3375.132
"2012-10-03 02:40:00",17891,12.29,1948.916,1883.714,2053.511,3375.214
"2012-10-03 02:50:00",17892,12.29,1948.904,1883.77,2053.499,3375.193
"2012-10-03 03:00:00",17893,12.29,1948.857,1883.792,2053.449,3375.112
"2012-10-03 03:10:00",17894,12.28,1948.903,1884.38,2053.497,3375.191
"2012-10-03 03:20:00",17895,12.28,1948.845,1884.936,2053.437,3375.092
"2012-10-03 03:30:00",17896,12.28,1948.917,1885.073,2053.512,3375.216
"2012-10-03 03:40:00",17897,12.27,1948.89,1885.047,2053.484,3375.169
"2012-10-03 03:50:00",17898,12.27,1948.823,1884.982,2053.413,3375.053
"2012-10-03 04:00:00",17899,12.27,1948.784,1884.944,2053.372,3374.985
"2012-10-03 04:10:00",17900,12.27,1948.739,1884.901,2053.325,3374.908
"2012-10-03 04:20:00",17901,12.26,1948.717,1884.88,2053.302,3374.87
"2012-10-03 04:30:00",17902,12.26,1948.711,1884.874,2053.295,3374.859
"2012-10-03 04:40:00",17903,12.26,1948.709,1884.872,2053.293,3374.855
"2012-10-03 04:50:00",17904,12.25,1948.708,1884.871,2053.292,3374.855
"2012-10-03 05:00:00",17905,12.24,1948.708,1884.871,2053.292,3374.855
"2012-10-03 05:10:00",17906,12.24,1948.708,1884.871,2053.292,3374.855
"2012-10-03 05:20:00",17907,12.24,1948.708,1884.871,2053.292,3374.855
"2012-10-03 05:30:00",17908,12.23,1948.708,1884.871,2053.292,3374.855
"2012-10-03 05:40:00",17909,12.23,1948.708,1884.871,2053.292,3374.855
"2012-10-03 05:50:00",17910,12.23,1948.708,1884.871,2053.292,3374.855
"2012-10-03 06:00:00",17911,12.23,1948.708,1884.871,2053.292,3374.855
"2012-10-03 06:10:00",17912,12.22,1948.708,1884.871,2053.292,3374.855
"2012-10-03 06:20:00",17913,12.22,1948.708,1884.871,2053.292,3374.855
"2012-10-03 06:30:00",17914,12.22,1948.708,1885.754,2053.292,3374.855
"2012-10-03 06:40:00",17915,12.21,1948.708,1886.094,2053.292,3374.855
"2012-10-03 06:50:00",17916,12.21,1948.708,1886.23,2053.292,3374.855
"2012-10-03 07:00:00",17917,12.21,1948.573,1886.23,2053.36,3375.466
"2012-10-03 07:10:00",17918,12.21,1948.708,1886.23,2053.496,3376.213
"2012-10-03 07:20:00",17919,12.43,1948.898,1886.085,2054.017,3375.954
"2012-10-03 07:30:00",17920,12.59,1949.307,1885.495,2052.765,3375.102
"2012-10-03 07:40:00",17921,12.56,1947.824,1885.111,2052.074,3375.092
"2012-10-03 07:50:00",17922,12.52,1947.439,1885.001,2051.955,3374.692
"2012-10-03 08:00:00",17923,12.54,1947.402,1884.965,2051.916,3374.695
"2012-10-03 08:10:00",17924,12.46,1947.025,1884.662,2051.598,3374.056
"2012-10-03 08:20:00",17925,12.41,1946.663,1884.25,2049.916,3373.076
"2012-10-03 08:30:00",17926,12.37,1946.255,1883.855,2049.351,3373.114
"2012-10-03 08:40:00",17927,12.36,1945.988,1883.592,2049.28,3372.818
"2012-10-03 08:50:00",17928,12.35,1945.948,1883.553,2049.306,3371.867
"2012-10-03 09:00:00",17929,12.35,1946.071,1882.524,2049.157,3371.643
"2012-10-03 09:10:00",17930,12.36,1946.068,1882.317,2049.154,3371.637
"2012-10-03 09:20:00",17931,12.37,1945.931,1882.316,2049.152,3371.635
"2012-10-03 09:30:00",17932,12.38,1944.804,1882.144,2048.965,3371.327
"2012-10-03 09:40:00",17933,12.48,1944.803,1882.017,2048.678,3370.652
"2012-10-03 09:50:00",17934,12.5,1943.796,1881.694,2048.34,3369.165
"2012-10-03 10:00:00",17935,12.55,1943.542,1881.316,2047.251,3368.488
"2012-10-03 10:10:00",17936,12.61,1943.415,1881.128,2047.453,3368.151
"2012-10-03 10:20:00",17937,12.64,1942.403,1880.457,2046.437,3368.042
"2012-10-03 10:30:00",17938,12.69,1942.316,1879.693,2046.417,3367.534
"2012-10-03 10:40:00",17939,12.74,1942.04,1879.688,2046.344,3366.644
"2012-10-03 10:50:00",17940,12.75,1942.038,1879.686,2046.138,3366.573
"2012-10-03 11:00:00",17941,12.77,1941.583,1879.508,2046.08,3365.983
"2012-10-03 11:10:00",17942,12.78,1940.986,1878.799,2045.309,3364.442
"2012-10-03 11:20:00",17943,12.79,1940.64,1878.53,2045.218,3364.094
"2012-10-03 11:30:00",17944,12.79,1939.405,1878.314,2045.063,3363.273
"2012-10-03 11:40:00",17945,12.83,1939.514,1878.424,2044.696,3363.159
"2012-10-03 11:50:00",17946,12.95,1939.1,1878.416,2043.943,3363.011
"2012-10-03 12:00:00",17947,13.8,1939.098,1878.143,2044.28,3361.585
"2012-10-03 12:10:00",17948,14.55,1938.962,1878.278,2043.805,3360.771
"2012-10-03 12:20:00",17949,14.73,1939.165,1878.346,2043.669,3360.297
"2012-10-03 12:30:00",17950,14.65,1938.894,1878.413,2043.669,3360.161
"2012-10-03 12:40:00",17951,14.54,1939.233,1878.413,2043.669,3360.026
"2012-10-03 12:50:00",17952,14.52,1939.301,1878.278,2043.737,3359.078
"2012-10-03 13:00:00",17953,14.55,1939.368,1878.413,2043.669,3358.197
"2012-10-03 13:10:00",17954,14.5,1939.368,1878.413,2043.669,3357.588
"2012-10-03 13:20:00",17955,13.76,1939.165,1878.413,2043.669,3357.52
"2012-10-03 13:30:00",17956,14.55,1939.368,1878.413,2043.669,3357.52
"2012-10-03 13:40:00",17957,14.56,1939.233,1878.413,2043.669,3356.775
"2012-10-03 13:50:00",17958,14.61,1939.368,1878.413,2043.669,3356.098
"2012-10-03 14:00:00",17959,14.53,1938.962,1878.413,2043.669,3356.166
"2012-10-03 14:10:00",17960,14.55,1939.03,1878.413,2043.669,3356.166
"2012-10-03 14:20:00",17961,14.52,1939.165,1878.413,2043.669,3355.421
"2012-10-03 14:30:00",17962,13.7,1939.03,1878.413,2043.669,3354.879
"2012-10-03 14:40:00",17963,13.38,1939.233,1878.346,2043.669,3354.879
"2012-10-03 14:50:00",17964,12.96,1939.368,1878.413,2043.669,3354.879
"2012-10-03 15:00:00",17965,12.9,1939.368,1878.21,2043.669,3354.269
"2012-10-03 15:10:00",17966,12.69,1939.368,1878.278,2043.669,3353.524
"2012-10-03 15:20:00",17967,12.62,1939.368,1878.21,2043.669,3353.524
"2012-10-03 15:30:00",17968,12.58,1939.368,1878.346,2043.669,3353.524
"2012-10-03 15:40:00",17969,12.58,1939.368,1878.278,2043.669,3353.389
"2012-10-03 15:50:00",17970,12.56,1939.368,1878.413,2043.669,3353.05
"2012-10-03 16:00:00",17971,12.55,1939.368,1878.413,2043.669,3352.373
"2012-10-03 16:10:00",17972,12.54,1939.368,1878.413,2043.669,3352.237
"2012-10-03 16:20:00",17973,12.52,1940.046,1878.413,2043.669,3352.305
"2012-10-03 16:30:00",17974,12.52,1940.588,1878.413,2043.669,3352.169
"2012-10-03 16:40:00",17975,12.51,1940.736,1878.426,2043.683,3352.192
"2012-10-03 16:50:00",17976,12.51,1940.823,1878.51,2043.775,3352.343
"2012-10-03 17:00:00",17977,12.49,1940.966,1878.649,2043.926,3352.59
"2012-10-03 17:10:00",17978,12.49,1941.438,1879.105,2044.422,3353.404
"2012-10-03 17:20:00",17979,12.48,1941.79,1879.447,2045.538,3354.013
"2012-10-03 17:30:00",17980,12.48,1941.963,1879.682,2046.331,3354.313
"2012-10-03 17:40:00",17981,12.47,1942.014,1879.663,2046.384,3354.4
"2012-10-03 17:50:00",17982,12.47,1942.03,1879.746,2046.401,3354.428
"2012-10-03 18:00:00",17983,12.46,1942.035,1879.954,2046.406,3354.436
"2012-10-03 18:10:00",17984,12.46,1942.985,1880.091,2046.408,3354.439
"2012-10-03 18:20:00",17985,12.46,1943.399,1880.369,2046.89,3354.451
"2012-10-03 18:30:00",17986,12.45,1943.657,1881.161,2047.975,3354.896
"2012-10-03 18:40:00",17987,12.45,1943.942,1881.437,2048.343,3355.388
"2012-10-03 18:50:00",17988,12.45,1944.376,1881.586,2048.8,3356.137
"2012-10-03 19:00:00",17989,12.45,1944.605,1881.333,2049.042,3356.533
"2012-10-03 19:10:00",17990,12.45,1944.679,1881.133,2049.119,3356.728
"2012-10-03 19:20:00",17991,12.44,1944.701,1880.95,2049.142,3356.833
"2012-10-03 19:30:00",17992,12.44,1944.707,1880.957,2049.149,3356.98
"2012-10-03 19:40:00",17993,12.44,1944.709,1881.026,2049.151,3356.848
"2012-10-03 19:50:00",17994,12.43,1944.709,1880.959,2049.152,3356.713
"2012-10-03 20:00:00",17995,12.43,1944.709,1881.162,2049.152,3356.917
"2012-10-03 20:10:00",17996,12.43,1944.808,1882.411,2049.255,3357.901
"2012-10-03 20:20:00",17997,12.43,1945,1882.596,2049.458,3358.571
"2012-10-03 20:30:00",17998,12.43,1945.253,1882.842,2049.725,3359.009
"2012-10-03 20:40:00",17999,12.42,1945.638,1883.214,2050.13,3359.674
"2012-10-03 20:50:00",18000,12.42,1945.828,1883.399,2050.467,3360.206
"2012-10-03 21:00:00",18001,12.42,1945.968,1883.534,2051.156,3361.601
"2012-10-03 21:10:00",18002,12.42,1946.01,1883.575,2051.88,3361.606
"2012-10-03 21:20:00",18003,12.41,1946.023,1883.587,2051.893,3361.696
"2012-10-03 21:30:00",18004,12.41,1946.774,1883.591,2051.898,3361.703
"2012-10-03 21:40:00",18005,12.41,1947.318,1883.592,2051.899,3361.705
"2012-10-03 21:50:00",18006,12.41,1947.386,1884.271,2051.899,3362.112
"2012-10-03 22:00:00",18007,12.41,1947.386,1884.474,2051.899,3362.859
"2012-10-03 22:10:00",18008,12.41,1947.386,1884.61,2051.899,3363.062
"2012-10-03 22:20:00",18009,12.4,1947.386,1884.678,2051.899,3363.062
"2012-10-03 22:30:00",18010,12.4,1947.386,1884.813,2051.899,3363.062
"2012-10-03 22:40:00",18011,12.4,1947.386,1884.678,2051.899,3363.198
"2012-10-03 22:50:00",18012,12.4,1947.386,1884.881,2051.899,3363.809
"2012-10-03 23:00:00",18013,12.39,1947.386,1884.881,2051.899,3364.352
"2012-10-03 23:10:00",18014,12.39,1947.386,1884.813,2051.899,3364.419
"2012-10-03 23:20:00",18015,12.39,1947.386,1884.746,2051.899,3364.419
"2012-10-03 23:30:00",18016,12.39,1947.386,1884.746,2052.102,3364.419
"2012-10-03 23:40:00",18017,12.39,1947.386,1884.881,2052.102,3364.419
"2012-10-03 23:50:00",18018,12.38,1947.386,1884.949,2052.442,3364.419
"2012-10-04 00:00:00",18019,12.38,1947.386,1884.949,2052.713,3364.419
"2012-10-04 00:10:00",18020,12.38,1947.386,1884.949,2053.052,3364.488
"2012-10-04 00:20:00",18021,12.38,1947.386,1884.949,2053.188,3364.555
"2012-10-04 00:30:00",18022,12.37,1947.386,1884.949,2053.256,3365.234
"2012-10-04 00:40:00",18023,12.37,1947.386,1884.949,2053.256,3365.777
"2012-10-04 00:50:00",18024,12.37,1947.386,1884.949,2053.256,3365.777
"2012-10-04 01:00:00",18025,12.37,1947.386,1884.949,2053.256,3365.777
"2012-10-04 01:10:00",18026,12.37,1947.386,1884.949,2053.256,3365.777
"2012-10-04 01:20:00",18027,12.36,1947.386,1884.949,2053.256,3366.591
"2012-10-04 01:30:00",18028,12.36,1947.386,1884.949,2053.256,3366.863
"2012-10-04 01:40:00",18029,12.36,1947.386,1884.949,2053.256,3366.93
"2012-10-04 01:50:00",18030,12.36,1947.386,1884.949,2053.256,3367.134
"2012-10-04 02:00:00",18031,12.35,1947.386,1884.949,2053.256,3367.134
"2012-10-04 02:10:00",18032,12.35,1947.386,1884.949,2053.256,3367.134
"2012-10-04 02:20:00",18033,12.35,1947.386,1884.949,2053.256,3367.134
"2012-10-04 02:30:00",18034,12.35,1947.25,1884.949,2053.256,3367.134
"2012-10-04 02:40:00",18035,12.35,1947.386,1884.949,2053.256,3367.134
"2012-10-04 02:50:00",18036,12.34,1947.386,1884.949,2053.256,3367.473
"2012-10-04 03:00:00",18037,12.34,1947.386,1884.949,2053.256,3368.423
"2012-10-04 03:10:00",18038,12.33,1947.386,1884.949,2053.256,3368.491
"2012-10-04 03:20:00",18039,12.33,1947.386,1884.949,2053.256,3368.491
"2012-10-04 03:30:00",18040,12.33,1947.386,1885.56,2053.256,3368.898
"2012-10-04 03:40:00",18041,12.33,1947.386,1886.307,2053.256,3369.645
"2012-10-04 03:50:00",18042,12.33,1947.386,1886.307,2053.256,3369.781
"2012-10-04 04:00:00",18043,12.33,1947.25,1886.307,2053.256,3369.849
"2012-10-04 04:10:00",18044,12.32,1947.996,1886.307,2053.528,3369.849
"2012-10-04 04:20:00",18045,12.32,1948.132,1886.307,2054.274,3369.849
"2012-10-04 04:30:00",18046,12.32,1948.064,1886.307,2054.545,3369.849
"2012-10-04 04:40:00",18047,12.32,1948.2,1886.307,2054.545,3369.849
"2012-10-04 04:50:00",18048,12.31,1948.064,1886.307,2054.41,3369.849
"2012-10-04 05:00:00",18049,12.31,1947.521,1886.307,2053.392,3369.849
"2012-10-04 05:10:00",18050,12.31,1947.386,1886.307,2053.324,3369.849
"2012-10-04 05:20:00",18051,12.31,1947.386,1886.307,2053.256,3369.849
"2012-10-04 05:30:00",18052,12.3,1947.453,1886.307,2053.256,3369.849
"2012-10-04 05:40:00",18053,12.3,1947.386,1886.307,2053.256,3369.849
"2012-10-04 05:50:00",18054,12.3,1947.386,1886.307,2053.256,3369.849
"2012-10-04 06:00:00",18055,12.3,1947.386,1886.307,2053.256,3369.849
"2012-10-04 06:10:00",18056,12.29,1947.318,1886.171,2053.256,3369.849
"2012-10-04 06:20:00",18057,12.29,1947.318,1886.307,2053.256,3369.849
"2012-10-04 06:30:00",18058,12.29,1947.386,1886.307,2053.256,3369.849
"2012-10-04 06:40:00",18059,12.29,1947.386,1886.307,2053.256,3369.849
"2012-10-04 06:50:00",18060,12.28,1947.386,1886.307,2053.256,3369.849
"2012-10-04 07:00:00",18061,12.28,1947.379,1886.3,2053.249,3369.837
"2012-10-04 07:10:00",18062,12.28,1947.148,1886.076,2053.005,3369.438
"2012-10-04 07:20:00",18063,12.56,1946.612,1885.689,2052.583,3368.745
"2012-10-04 07:30:00",18064,12.65,1946.096,1885.321,2052.183,3368.087
"2012-10-04 07:40:00",18065,12.6,1944.814,1885.13,2051.975,3367.746
"2012-10-04 07:50:00",18066,12.54,1944.605,1883.838,2051.219,3367.619
"2012-10-04 08:00:00",18067,12.56,1944.041,1883.681,2050.586,3367.174
"2012-10-04 08:10:00",18068,12.48,1943.356,1883.675,2050.511,3366.281
"2012-10-04 08:20:00",18069,12.41,1943.286,1883.537,2050.509,3366.21
"2012-10-04 08:30:00",18070,12.41,1942.947,1883.333,2050.373,3366.209
"2012-10-04 08:40:00",18071,12.4,1943.124,1882.63,2049.396,3365.282
"2012-10-04 08:50:00",18072,12.38,1943.041,1882.081,2048.89,3364.447
"2012-10-04 09:00:00",18073,12.37,1941.908,1881.5,2048.621,3363.758
"2012-10-04 09:10:00",18074,12.38,1941.839,1881.172,2048.055,3362.643
"2012-10-04 09:20:00",18075,12.41,1940.898,1880.306,2047.85,3362.578
"2012-10-04 09:30:00",18076,12.45,1940.64,1880.863,2047.52,3361.262
"2012-10-04 09:40:00",18077,12.47,1940.486,1880.642,2047.501,3360.282
"2012-10-04 09:50:00",18078,12.47,1940.006,1880.772,2046.547,3360.137
"2012-10-04 10:00:00",18079,12.49,1939.463,1880.296,2046.477,3359.863
"2012-10-04 10:10:00",18080,12.56,1939.733,1880.16,2045.867,3359.591
"2012-10-04 10:20:00",18081,12.56,1939.93,1879.679,2045.385,3359.58
"2012-10-04 10:30:00",18082,12.65,1940.167,1879.449,2045.541,3359.032
"2012-10-04 10:40:00",18083,12.67,1938.854,1878.965,2044.404,3357.354
"2012-10-04 10:50:00",18084,12.77,1938.618,1878.605,2044.013,3356.169
"2012-10-04 11:00:00",18085,12.73,1938.274,1878.74,2044.407,3355.791
"2012-10-04 11:10:00",18086,12.69,1938.302,1878.295,2044.365,3355.857
"2012-10-04 11:20:00",18087,12.72,1937.951,1878.418,2044.962,3356.242
"2012-10-04 11:30:00",18088,12.78,1938.151,1878.415,2044.619,3355.626
"2012-10-04 11:40:00",18089,12.84,1937.743,1878.346,2043.94,3354.608
"2012-10-04 11:50:00",18090,13.1,1937.404,1878.007,2043.805,3353.795
"2012-10-04 12:00:00",18091,13.71,1937.201,1878.075,2043.669,3352.644
"2012-10-04 12:10:00",18092,14.46,1937.404,1878.278,2043.669,3352.169
"2012-10-04 12:20:00",18093,14.67,1937.608,1878.413,2043.602,3352.169
"2012-10-04 12:30:00",18094,14.56,1937.066,1877.736,2043.127,3351.898
"2012-10-04 12:40:00",18095,14.6,1937.811,1877.736,2043.398,3351.357
"2012-10-04 12:50:00",18096,14.54,1937.811,1878.143,2042.992,3350.883
"2012-10-04 13:00:00",18097,14.57,1937.337,1878.143,2043.195,3349.799
"2012-10-04 13:10:00",18098,14.59,1937.675,1878.617,2043.195,3349.257
"2012-10-04 13:20:00",18099,13.73,1937.608,1878.413,2042.856,3349.122
"2012-10-04 13:30:00",18100,14.53,1936.795,1878.075,2042.721,3348.512
"2012-10-04 13:40:00",18101,14.63,1937.472,1878.075,2043.263,3348.241
"2012-10-04 13:50:00",18102,14.55,1936.727,1877.872,2042.924,3347.632
"2012-10-04 14:00:00",18103,14.58,1937.066,1878.143,2043.195,3347.564
"2012-10-04 14:10:00",18104,14.63,1937.269,1877.939,2042.992,3347.09
"2012-10-04 14:20:00",18105,14.54,1937.743,1878.278,2043.398,3347.09
"2012-10-04 14:30:00",18106,13.38,1938.014,1878.413,2043.602,3346.751
"2012-10-04 14:40:00",18107,13.43,1937.743,1878.278,2043.669,3346.751
"2012-10-04 14:50:00",18108,12.86,1937.54,1877.872,2043.331,3346.616
"2012-10-04 15:00:00",18109,12.84,1937.946,1878.278,2043.534,3346.209
"2012-10-04 15:10:00",18110,12.69,1937.54,1878.278,2043.263,3345.397
"2012-10-04 15:20:00",18111,12.61,1938.014,1878.21,2043.398,3345.126
"2012-10-04 15:30:00",18112,12.6,1937.743,1878.413,2043.466,3345.058
"2012-10-04 15:40:00",18113,12.59,1937.879,1878.278,2043.398,3344.11
"2012-10-04 15:50:00",18114,12.57,1937.879,1878.278,2043.195,3344.042
"2012-10-04 16:00:00",18115,12.57,1937.879,1878.413,2043.263,3344.042
"2012-10-04 16:10:00",18116,12.55,1937.946,1878.413,2043.06,3343.974
"2012-10-04 16:20:00",18117,12.54,1937.472,1878.278,2043.398,3343.297
"2012-10-04 16:30:00",18118,12.54,1938.285,1878.684,2043.669,3343.162
"2012-10-04 16:40:00",18119,12.52,1937.811,1878.481,2043.669,3342.688
"2012-10-04 16:50:00",18120,12.52,1937.926,1878.189,2043.72,3341.822
"2012-10-04 17:00:00",18121,12.51,1938.176,1878.571,2043.84,3341.884
"2012-10-04 17:10:00",18122,12.51,1938.371,1878.76,2044.046,3342.085
"2012-10-04 17:20:00",18123,12.5,1938.514,1878.89,2044.482,3342.731
"2012-10-04 17:30:00",18124,12.5,1939.15,1879.514,2044.935,3343.427
"2012-10-04 17:40:00",18125,12.5,1939.341,1879.634,2045.675,3343.64
"2012-10-04 17:50:00",18126,12.49,1939.988,1879.669,2046.391,3343.635
"2012-10-04 18:00:00",18127,12.49,1940.541,1879.884,2046.403,3343.656
"2012-10-04 18:10:00",18128,12.49,1940.68,1881.039,2046.407,3343.797
"2012-10-04 18:20:00",18129,12.48,1940.681,1881.04,2046.408,3343.595
"2012-10-04 18:30:00",18130,12.48,1941.562,1881.041,2046.544,3343.934
"2012-10-04 18:40:00",18131,12.48,1942.037,1881.041,2047.764,3344.273
"2012-10-04 18:50:00",18132,12.48,1942.037,1881.041,2047.764,3343.934
"2012-10-04 19:00:00",18133,12.47,1942.037,1881.041,2047.764,3343.596
"2012-10-04 19:10:00",18134,12.47,1942.037,1881.041,2047.764,3343.663
"2012-10-04 19:20:00",18135,12.47,1942.214,1881.212,2047.95,3343.9
"2012-10-04 19:30:00",18136,12.47,1942.529,1881.517,2048.282,3344.578
"2012-10-04 19:40:00",18137,12.46,1942.722,1881.705,2048.487,3345.861
"2012-10-04 19:50:00",18138,12.47,1943.126,1882.096,2048.913,3346.828
"2012-10-04 20:00:00",18139,12.46,1943.285,1882.249,2049.08,3347.101
"2012-10-04 20:10:00",18140,12.46,1943.332,1882.295,2049.129,3347.182
"2012-10-04 20:20:00",18141,12.46,1943.347,1882.31,2049.146,3347.208
"2012-10-04 20:30:00",18142,12.46,1943.351,1882.314,2049.15,3347.487
"2012-10-04 20:40:00",18143,12.45,1943.353,1882.315,2049.151,3348.1
"2012-10-04 20:50:00",18144,12.45,1943.353,1882.315,2049.219,3348.507
"2012-10-04 21:00:00",18145,12.45,1943.353,1882.315,2049.152,3348.575
"2012-10-04 21:10:00",18146,12.45,1943.353,1882.315,2049.152,3348.575
"2012-10-04 21:20:00",18147,12.44,1943.36,1882.322,2049.158,3348.586
"2012-10-04 21:30:00",18148,12.44,1943.507,1882.464,2049.517,3348.839
"2012-10-04 21:40:00",18149,12.44,1943.848,1882.795,2050.42,3349.428
"2012-10-04 21:50:00",18150,12.44,1943.965,1882.908,2050.95,3349.629
"2012-10-04 22:00:00",18151,12.44,1944.217,1883.153,2051.148,3350.471
"2012-10-04 22:10:00",18152,12.43,1944.476,1883.404,2051.693,3351.8
"2012-10-04 22:20:00",18153,12.43,1944.601,1883.524,2051.825,3352.083
"2012-10-04 22:30:00",18154,12.43,1944.65,1883.572,2051.876,3352.167
"2012-10-04 22:40:00",18155,12.43,1944.665,1883.587,2051.893,3352.194
"2012-10-04 22:50:00",18156,12.42,1944.67,1883.591,2051.897,3352.337
"2012-10-04 23:00:00",18157,12.42,1944.671,1883.592,2051.899,3353.425
"2012-10-04 23:10:00",18158,12.42,1944.671,1883.592,2051.899,3353.561
"2012-10-04 23:20:00",18159,12.42,1944.671,1883.592,2051.899,3353.561
"2012-10-04 23:30:00",18160,12.42,1944.671,1883.592,2051.899,3353.561
"2012-10-04 23:40:00",18161,12.41,1944.671,1883.592,2051.899,3353.561
"2012-10-04 23:50:00",18162,12.41,1944.671,1883.796,2051.899,3353.561
"2012-10-05 00:00:00",18163,12.41,1944.671,1884.474,2051.899,3353.697
"2012-10-05 00:10:00",18164,12.41,1944.671,1884.678,2051.899,3353.697
"2012-10-05 00:20:00",18165,12.41,1944.671,1884.61,2051.899,3354.579
"2012-10-05 00:30:00",18166,12.41,1944.671,1884.881,2051.899,3354.918
"2012-10-05 00:40:00",18167,12.4,1944.671,1884.949,2051.899,3354.918
"2012-10-05 00:50:00",18168,12.4,1944.739,1884.949,2051.899,3355.393
"2012-10-05 01:00:00",18169,12.4,1944.671,1884.949,2051.899,3355.936
"2012-10-05 01:10:00",18170,12.4,1945.553,1884.949,2051.899,3356.208
"2012-10-05 01:20:00",18171,12.4,1945.961,1884.949,2051.899,3356.276
"2012-10-05 01:30:00",18172,12.39,1946.028,1884.949,2052.034,3356.276
"2012-10-05 01:40:00",18173,12.39,1946.028,1884.949,2052.374,3356.276
"2012-10-05 01:50:00",18174,12.39,1946.028,1884.949,2052.577,3357.158
"2012-10-05 02:00:00",18175,12.39,1946.028,1884.949,2052.781,3357.633
"2012-10-05 02:10:00",18176,12.38,1946.028,1884.949,2052.781,3357.633
"2012-10-05 02:20:00",18177,12.38,1946.028,1884.949,2052.985,3357.633
"2012-10-05 02:30:00",18178,12.38,1946.028,1884.949,2053.12,3358.379
"2012-10-05 02:40:00",18179,12.38,1946.028,1885.153,2053.256,3358.855
"2012-10-05 02:50:00",18180,12.38,1946.028,1885.764,2053.256,3358.99
"2012-10-05 03:00:00",18181,12.38,1946.028,1886.239,2053.256,3358.99
"2012-10-05 03:10:00",18182,12.37,1946.028,1886.239,2053.256,3358.99
"2012-10-05 03:20:00",18183,12.37,1946.028,1886.307,2053.256,3358.99
"2012-10-05 03:30:00",18184,12.37,1946.028,1886.307,2053.256,3358.99
"2012-10-05 03:40:00",18185,12.37,1946.028,1886.307,2053.256,3358.99
"2012-10-05 03:50:00",18186,12.37,1946.028,1886.307,2053.256,3358.99
"2012-10-05 04:00:00",18187,12.36,1946.028,1886.307,2053.256,3359.126
"2012-10-05 04:10:00",18188,12.36,1946.028,1886.307,2053.256,3359.058
"2012-10-05 04:20:00",18189,12.36,1946.028,1886.307,2053.256,3358.99
"2012-10-05 04:30:00",18190,12.35,1946.028,1886.307,2053.256,3359.262
"2012-10-05 04:40:00",18191,12.35,1946.028,1886.307,2053.256,3360.076
"2012-10-05 04:50:00",18192,12.35,1946.028,1886.307,2053.256,3360.348
"2012-10-05 05:00:00",18193,12.35,1946.028,1886.307,2053.256,3360.348
"2012-10-05 05:10:00",18194,12.34,1946.028,1886.307,2053.12,3360.348
"2012-10-05 05:20:00",18195,12.34,1946.028,1886.239,2052.917,3360.348
"2012-10-05 05:30:00",18196,12.34,1946.028,1886.239,2052.849,3360.551
"2012-10-05 05:40:00",18197,12.34,1946.028,1885.899,2052.645,3361.026
"2012-10-05 05:50:00",18198,12.34,1946.028,1886.103,2052.238,3361.501
"2012-10-05 06:00:00",18199,12.33,1946.028,1886.103,2052.238,3361.705
"2012-10-05 06:10:00",18200,12.33,1946.028,1886.239,2052.102,3361.705
"2012-10-05 06:20:00",18201,12.33,1946.028,1886.307,2051.899,3361.569
"2012-10-05 06:30:00",18202,12.33,1946.028,1886.307,2051.899,3361.705
"2012-10-05 06:40:00",18203,12.32,1946.028,1886.307,2051.899,3361.705
"2012-10-05 06:50:00",18204,12.32,1946.028,1886.307,2051.966,3361.705
"2012-10-05 07:00:00",18205,12.32,1946.028,1886.307,2051.899,3361.705
"2012-10-05 07:10:00",18206,12.32,1945.865,1886.28,2051.869,3361.657
"2012-10-05 07:20:00",18207,12.52,1944.781,1886.018,2051.585,3361.191
"2012-10-05 07:30:00",18208,12.61,1944.519,1885.501,2051.023,3360.27
"2012-10-05 07:40:00",18209,12.59,1943.579,1885.182,2050.675,3359.7
"2012-10-05 07:50:00",18210,12.55,1943.402,1885.076,2050.56,3359.511
"2012-10-05 08:00:00",18211,12.57,1943.367,1885.042,2050.523,3359.451
"2012-10-05 08:10:00",18212,12.52,1943.358,1885.033,2050.513,3359.434
"2012-10-05 08:20:00",18213,12.45,1943.355,1885.03,2050.51,3359.429
"2012-10-05 08:30:00",18214,12.43,1942.071,1884.704,2049.958,3358.969
"2012-10-05 08:40:00",18215,12.42,1941.454,1883.15,2048.436,3358.05
"2012-10-05 08:50:00",18216,12.42,1941.101,1882.606,2048.467,3357.186
"2012-10-05 09:00:00",18217,12.43,1940.746,1882.459,2048.17,3355.974
"2012-10-05 09:10:00",18218,12.42,1940.701,1882.415,2047.852,3355.49
"2012-10-05 09:20:00",18219,12.46,1939.829,1881.819,2047.652,3354.73
"2012-10-05 09:30:00",18220,12.46,1939.081,1881.563,2046.869,3353.264
"2012-10-05 09:40:00",18221,12.47,1938.5,1880.925,2046.605,3352.542
"2012-10-05 09:50:00",18222,12.49,1938.358,1880.99,2046.455,3352.295
"2012-10-05 10:00:00",18223,12.55,1937.562,1880.263,2045.453,3350.853
"2012-10-05 10:10:00",18224,12.59,1937.953,1880.587,2044.963,3350.691
"2012-10-05 10:20:00",18225,12.63,1938.151,1880.447,2045.026,3350.344
"2012-10-05 10:30:00",18226,12.66,1938.15,1879.768,2044.618,3349.461
"2012-10-05 10:40:00",18227,12.73,1937.743,1879.633,2043.872,3348.241
"2012-10-05 10:50:00",18228,12.73,1938.014,1879.904,2044.211,3348.106
"2012-10-05 11:00:00",18229,12.7,1937.201,1879.7,2044.346,3347.022
"2012-10-05 11:10:00",18230,12.74,1937.37,1879.808,2044.095,3346.544
"2012-10-05 11:20:00",18231,12.75,1937.176,1879.624,2043.342,3345.907
"2012-10-05 11:30:00",18232,12.8,1936.98,1879.637,2043.135,3345.433
"2012-10-05 11:40:00",18233,12.84,1937.042,1879.092,2042.923,3344.63
"2012-10-05 11:50:00",18234,13,1937.341,1879.259,2042.877,3343.767
"2012-10-05 12:00:00",18235,13.37,1936.946,1879.338,2042.686,3342.568
"2012-10-05 12:10:00",18236,14.49,1937.084,1879.135,2042.828,3342.419
"2012-10-05 12:20:00",18237,14.74,1936.982,1879.032,2042.66,3341.935
"2012-10-05 12:30:00",18238,14.63,1937.195,1879.583,2042.671,3341.208
"2012-10-05 12:40:00",18239,14.59,1936.778,1879.915,2042.651,3339.668
"2012-10-05 12:50:00",18240,14.59,1936.703,1879.507,2042.091,3339.102
"2012-10-05 13:00:00",18241,14.56,1936.609,1879.011,2042.263,3338.671
"2012-10-05 13:10:00",18242,14.61,1936.986,1879.794,2042.164,3338.01
"2012-10-05 13:20:00",18243,14.13,1936.57,1879.582,2042.29,3336.911
"2012-10-05 13:30:00",18244,13.65,1936.771,1879.512,2042.355,3336.366
"2012-10-05 13:40:00",18245,14.28,1936.432,1879.309,2042.422,3336.297
"2012-10-05 13:50:00",18246,14.3,1936.5,1878.699,2042.287,3335.823
"2012-10-05 14:00:00",18247,13.82,1936.635,1878.632,2042.016,3334.808
"2012-10-05 14:10:00",18248,13.92,1936.567,1879.038,2042.219,3334.402
"2012-10-05 14:20:00",18249,14.11,1936.297,1878.767,2042.151,3334.131
"2012-10-05 14:30:00",18250,13.9,1936.161,1878.496,2042.151,3333.522
"2012-10-05 14:40:00",18251,12.83,1936.026,1878.496,2042.084,3333.116
"2012-10-05 14:50:00",18252,12.86,1936.31,1878.509,2042.3,3332.732
"2012-10-05 15:00:00",18253,12.89,1936.737,1878.858,2041.8,3332.946
"2012-10-05 15:10:00",18254,12.72,1936.933,1879.116,2042.548,3332.199
"2012-10-05 15:20:00",18255,12.65,1937.323,1879.164,2042.47,3332.134
"2012-10-05 15:30:00",18256,12.61,1936.879,1879.324,2043.254,3332.553
"2012-10-05 15:40:00",18257,12.6,1937.613,1879.51,2043.118,3332.546
"2012-10-05 15:50:00",18258,12.6,1937.896,1880.737,2043.545,3332.19
"2012-10-05 16:00:00",18259,12.59,1938.046,1880.953,2043.429,3331.791
"2012-10-05 16:10:00",18260,12.58,1938.613,1881.112,2043.658,3331.968
"2012-10-05 16:20:00",18261,12.56,1939.365,1881.119,2043.665,3331.845
"2012-10-05 16:30:00",18262,12.55,1939.367,1881.121,2043.668,3331.578
"2012-10-05 16:40:00",18263,12.54,1939.368,1881.122,2043.601,3331.511
"2012-10-05 16:50:00",18264,12.53,1939.585,1881.332,2043.897,3332.222
"2012-10-05 17:00:00",18265,12.53,1940.286,1881.741,2044.636,3333.427
"2012-10-05 17:10:00",18266,12.52,1940.559,1881.464,2044.924,3333.897
"2012-10-05 17:20:00",18267,12.52,1940.646,1882.362,2045.015,3334.115
"2012-10-05 17:30:00",18268,12.52,1940.812,1882.455,2045.19,3335.281
"2012-10-05 17:40:00",18269,12.51,1941.402,1882.897,2045.869,3336.352
"2012-10-05 17:50:00",18270,12.51,1942.23,1883.372,2047.469,3337.193
"2012-10-05 18:00:00",18271,12.51,1943.126,1883.584,2047.699,3337.568
"2012-10-05 18:10:00",18272,12.51,1943.324,1883.644,2047.765,3338.352
"2012-10-05 18:20:00",18273,12.5,1943.345,1883.664,2048.736,3339.066
"2012-10-05 18:30:00",18274,12.5,1943.351,1883.67,2049.149,3339.687
"2012-10-05 18:40:00",18275,12.5,1943.353,1883.671,2049.151,3340.3
"2012-10-05 18:50:00",18276,12.49,1943.353,1883.672,2049.152,3340.436
"2012-10-05 19:00:00",18277,12.49,1944.302,1883.875,2049.152,3340.572
"2012-10-05 19:10:00",18278,12.49,1944.709,1884.418,2049.219,3341.793
"2012-10-05 19:20:00",18279,12.49,1944.709,1885.028,2050.508,3342.335
"2012-10-05 19:30:00",18280,12.48,1944.709,1885.028,2050.508,3343.081
"2012-10-05 19:40:00",18281,12.48,1944.709,1885.028,2050.508,3343.149
"2012-10-05 19:50:00",18282,12.48,1944.709,1885.028,2050.779,3343.963
"2012-10-05 20:00:00",18283,12.48,1944.709,1885.028,2051.458,3344.641
"2012-10-05 20:10:00",18284,12.48,1945.184,1885.706,2051.865,3345.794
"2012-10-05 20:20:00",18285,12.47,1946.066,1886.385,2051.865,3345.862
"2012-10-05 20:30:00",18286,12.47,1946.066,1886.385,2051.865,3345.862
"2012-10-05 20:40:00",18287,12.47,1946.072,1886.391,2051.871,3346.891
"2012-10-05 20:50:00",18288,12.47,1946.106,1886.423,2051.907,3347.288
"2012-10-05 21:00:00",18289,12.47,1946.168,1886.483,2051.972,3348.547
"2012-10-05 21:10:00",18290,12.47,1946.267,1886.58,2052.077,3348.922
"2012-10-05 21:20:00",18291,12.46,1946.32,1886.63,2052.132,3349.012
"2012-10-05 21:30:00",18292,12.46,1946.35,1886.66,2052.164,3349.878
"2012-10-05 21:40:00",18293,12.46,1946.434,1886.741,2052.252,3350.564
"2012-10-05 21:50:00",18294,12.46,1946.623,1886.925,2053.538,3351.841
"2012-10-05 22:00:00",18295,12.45,1946.62,1886.922,2053.806,3352.243
"2012-10-05 22:10:00",18296,12.45,1946.617,1886.918,2053.802,3352.236
"2012-10-05 22:20:00",18297,12.45,1946.707,1887.006,2053.897,3352.595
"2012-10-05 22:30:00",18298,12.45,1946.689,1886.988,2053.878,3353.717
"2012-10-05 22:40:00",18299,12.45,1946.715,1887.014,2053.906,3353.898
"2012-10-05 22:50:00",18300,12.45,1946.722,1887.021,2053.914,3354.793
"2012-10-05 23:00:00",18301,12.44,1946.743,1887.109,2053.935,3355.167
"2012-10-05 23:10:00",18302,12.44,1947.274,1887.971,2054.209,3355.616
"2012-10-05 23:20:00",18303,12.44,1948.409,1888.695,2054.332,3356.495
"2012-10-05 23:30:00",18304,12.44,1948.32,1888.809,2054.382,3357.255
"2012-10-05 23:40:00",18305,12.44,1948.536,1888.952,2054.538,3357.51
"2012-10-05 23:50:00",18306,12.43,1948.652,1888.933,2054.517,3358.697
"2012-10-06 00:00:00",18307,12.43,1948.702,1888.981,2054.57,3358.919
"2012-10-06 00:10:00",18308,12.43,1948.731,1889.009,2054.6,3358.969
"2012-10-06 00:20:00",18309,12.43,1948.74,1889.018,2054.61,3359.052
"2012-10-06 00:30:00",18310,12.43,1948.742,1889.021,2054.952,3360.143
"2012-10-06 00:40:00",18311,12.42,1948.726,1889.005,2055.885,3360.318
"2012-10-06 00:50:00",18312,12.42,1948.715,1888.994,2055.941,3361.453
"2012-10-06 01:00:00",18313,12.42,1948.735,1889.014,2055.962,3361.691
"2012-10-06 01:10:00",18314,12.42,1948.741,1889.155,2055.968,3361.701
"2012-10-06 01:20:00",18315,12.42,1948.743,1889.292,2055.97,3361.908
"2012-10-06 01:30:00",18316,12.41,1948.743,1889.089,2055.971,3363.062
"2012-10-06 01:40:00",18317,12.41,1948.743,1889.361,2055.971,3363.062
"2012-10-06 01:50:00",18318,12.41,1948.743,1889.496,2055.971,3363.809
"2012-10-06 02:00:00",18319,12.41,1948.743,1889.904,2055.971,3364.419
"2012-10-06 02:10:00",18320,12.41,1948.743,1890.107,2055.971,3364.419
"2012-10-06 02:20:00",18321,12.4,1949.422,1890.379,2055.971,3364.419
"2012-10-06 02:30:00",18322,12.4,1949.49,1890.379,2055.971,3364.555
"2012-10-06 02:40:00",18323,12.4,1949.897,1890.379,2055.971,3364.691
"2012-10-06 02:50:00",18324,12.4,1949.964,1890.379,2055.971,3365.777
"2012-10-06 03:00:00",18325,12.4,1949.964,1890.379,2055.971,3365.777
"2012-10-06 03:10:00",18326,12.39,1950.1,1890.379,2055.971,3365.913
"2012-10-06 03:20:00",18327,12.39,1950.1,1890.379,2055.971,3366.727
"2012-10-06 03:30:00",18328,12.39,1950.1,1890.379,2055.971,3367.134
"2012-10-06 03:40:00",18329,12.39,1950.1,1890.379,2055.971,3367.134
"2012-10-06 03:50:00",18330,12.39,1950.1,1890.379,2055.971,3367.134
"2012-10-06 04:00:00",18331,12.38,1950.1,1890.379,2055.971,3367.134
"2012-10-06 04:10:00",18332,12.38,1950.1,1890.379,2055.971,3367.338
"2012-10-06 04:20:00",18333,12.38,1950.1,1890.379,2055.971,3368.423
"2012-10-06 04:30:00",18334,12.38,1950.1,1890.379,2055.971,3368.491
"2012-10-06 04:40:00",18335,12.37,1950.1,1890.379,2055.971,3368.491
"2012-10-06 04:50:00",18336,12.37,1950.1,1890.379,2055.971,3369.713
"2012-10-06 05:00:00",18337,12.37,1950.1,1890.379,2055.971,3369.713
"2012-10-06 05:10:00",18338,12.37,1950.1,1890.379,2055.971,3369.849
"2012-10-06 05:20:00",18339,12.37,1950.1,1890.514,2055.971,3369.849
"2012-10-06 05:30:00",18340,12.36,1950.1,1890.582,2055.971,3369.849
"2012-10-06 05:40:00",18341,12.36,1950.1,1891.193,2055.971,3369.849
"2012-10-06 05:50:00",18342,12.36,1950.1,1891.532,2055.971,3369.917
"2012-10-06 06:00:00",18343,12.35,1950.1,1891.532,2055.971,3371.206
"2012-10-06 06:10:00",18344,12.35,1950.1,1891.736,2055.971,3371.206
"2012-10-06 06:20:00",18345,12.35,1950.1,1891.736,2055.971,3371.206
"2012-10-06 06:30:00",18346,12.35,1950.779,1891.736,2055.971,3371.613
"2012-10-06 06:40:00",18347,12.34,1951.458,1891.736,2055.971,3372.563
"2012-10-06 06:50:00",18348,12.34,1951.458,1892.482,2055.971,3372.563
"2012-10-06 07:00:00",18349,12.34,1951.458,1892.89,2055.971,3372.563
"2012-10-06 07:10:00",18350,12.34,1951.458,1893.093,2055.971,3372.563
"2012-10-06 07:20:00",18351,12.34,1951.458,1893.093,2055.971,3372.563
"2012-10-06 07:30:00",18352,12.33,1951.458,1893.025,2055.971,3372.767
"2012-10-06 07:40:00",18353,12.33,1951.458,1892.822,2055.971,3373.785
"2012-10-06 07:50:00",18354,12.33,1951.458,1892.957,2055.971,3373.921
"2012-10-06 08:00:00",18355,12.34,1951.458,1892.55,2056.039,3373.921
"2012-10-06 08:10:00",18356,12.33,1951.525,1892.957,2056.039,3374.871
"2012-10-06 08:20:00",18357,12.35,1951.797,1892.957,2056.039,3375.21
"2012-10-06 08:30:00",18358,12.36,1952.747,1893.093,2056.106,3375.278
"2012-10-06 08:40:00",18359,12.35,1952.815,1893.093,2056.649,3375.278
"2012-10-06 08:50:00",18360,12.37,1952.815,1893.093,2056.785,3375.278
"2012-10-06 09:00:00",18361,12.37,1952.815,1893.093,2057.328,3375.278
"2012-10-06 09:10:00",18362,12.39,1952.783,1893.062,2057.294,3375.29
"2012-10-06 09:20:00",18363,12.36,1952.794,1893.073,2057.305,3375.309
"2012-10-06 09:30:00",18364,12.39,1952.736,1893.017,2057.245,3376.16
"2012-10-06 09:40:00",18365,12.45,1952.739,1893.019,2057.248,3376.503
"2012-10-06 09:50:00",18366,12.49,1952.792,1893.071,2057.304,3376.596
"2012-10-06 10:00:00",18367,12.54,1952.781,1893.739,2057.292,3377.052
"2012-10-06 10:10:00",18368,12.53,1952.791,1894.427,2057.302,3377.34
"2012-10-06 10:20:00",18369,12.69,1952.735,1894.372,2057.243,3377.65
"2012-10-06 10:30:00",18370,12.62,1952.592,1894.234,2057.093,3377.539
"2012-10-06 10:40:00",18371,12.68,1952.431,1894.013,2056.853,3377.212
"2012-10-06 10:50:00",18372,12.62,1952.181,1893.836,2056.661,3376.897
"2012-10-06 11:00:00",18373,12.65,1952.026,1893.685,2056.497,3376.627
"2012-10-06 11:10:00",18374,12.63,1951.979,1893.574,2056.376,3376.429
"2012-10-06 11:20:00",18375,12.66,1951.741,1893.409,2056.197,3376.135
"2012-10-06 11:30:00",18376,12.58,1951.697,1893.366,2056.15,3376.058
"2012-10-06 11:40:00",18377,12.75,1951.624,1893.295,2056.073,3375.932
"2012-10-06 11:50:00",18378,12.7,1951.65,1893.32,2056.1,3375.977
"2012-10-06 12:00:00",18379,12.82,1951.569,1893.513,2056.016,3375.837
"2012-10-06 12:10:00",18380,12.79,1951.705,1893.378,2056.016,3375.837
"2012-10-06 12:20:00",18381,12.76,1951.638,1893.444,2056.088,3376.024
"2012-10-06 12:30:00",18382,12.74,1951.552,1893.361,2055.998,3375.808
"2012-10-06 12:40:00",18383,12.66,1951.509,1893.184,2055.953,3375.87
"2012-10-06 12:50:00",18384,12.66,1951.565,1893.172,2055.94,3376.527
"2012-10-06 13:00:00",18385,12.61,1951.493,1893.168,2055.936,3376.995
"2012-10-06 13:10:00",18386,12.56,1951.492,1893.167,2055.934,3377.061
"2012-10-06 13:20:00",18387,12.59,1951.492,1893.167,2055.934,3377.06
"2012-10-06 13:30:00",18388,12.51,1951.492,1893.167,2055.934,3377.06
"2012-10-06 13:40:00",18389,12.5,1951.492,1893.167,2055.934,3377.06
"2012-10-06 13:50:00",18390,12.49,1951.611,1893.282,2056.059,3377.266
"2012-10-06 14:00:00",18391,12.45,1951.745,1893.413,2056.201,3377.499
"2012-10-06 14:10:00",18392,12.43,1951.679,1893.349,2056.131,3377.384
"2012-10-06 14:20:00",18393,12.42,1951.749,1893.417,2056.205,3377.505
"2012-10-06 14:30:00",18394,12.45,1951.749,1893.416,2056.205,3377.504
"2012-10-06 14:40:00",18395,12.49,1951.908,1893.439,2056.23,3378.767
"2012-10-06 14:50:00",18396,12.45,1951.663,1893.333,2056.115,3378.713
"2012-10-06 15:00:00",18397,12.48,1951.93,1893.529,2056.253,3378.941
"2012-10-06 15:10:00",18398,12.43,1951.868,1893.334,2056.115,3378.714
"2012-10-06 15:20:00",18399,12.39,1951.57,1893.242,2056.016,3378.551
"2012-10-06 15:30:00",18400,12.38,1951.698,1893.235,2056.008,3378.538
"2012-10-06 15:40:00",18401,12.37,1951.65,1893.321,2056.101,3378.691
"2012-10-06 15:50:00",18402,12.38,1951.749,1893.416,2056.205,3378.862
"2012-10-06 16:00:00",18403,12.34,1951.689,1893.359,2056.142,3378.759
"2012-10-06 16:10:00",18404,12.34,1951.691,1893.36,2056.143,3378.896
"2012-10-06 16:20:00",18405,12.33,1952.025,1893.356,2056.139,3378.753
"2012-10-06 16:30:00",18406,12.32,1952.301,1893.425,2056.214,3379.012
"2012-10-06 16:40:00",18407,12.32,1953.207,1893.515,2056.312,3379.308
"2012-10-06 16:50:00",18408,12.32,1952.887,1893.601,2056.332,3380.156
"2012-10-06 17:00:00",18409,12.31,1953.23,1893.537,2056.336,3380.433
"2012-10-06 17:10:00",18410,12.31,1953.162,1893.607,2056.264,3380.316
"2012-10-06 17:20:00",18411,12.31,1953.197,1893.641,2056.302,3380.377
"2012-10-06 17:30:00",18412,12.31,1953.291,1893.731,2056.4,3380.538
"2012-10-06 17:40:00",18413,12.3,1953.419,1894.195,2056.534,3381.235
"2012-10-06 17:50:00",18414,12.3,1953.416,1894.667,2056.532,3382.045
"2012-10-06 18:00:00",18415,12.3,1953.542,1895.131,2056.593,3382.213
"2012-10-06 18:10:00",18416,12.3,1953.575,1895.229,2056.7,3382.388
"2012-10-06 18:20:00",18417,12.3,1953.837,1895.351,2056.832,3382.606
"2012-10-06 18:30:00",18418,12.3,1954.138,1895.643,2057.149,3383.127
"2012-10-06 18:40:00",18419,12.29,1954.257,1895.758,2057.274,3383.334
"2012-10-06 18:50:00",18420,12.29,1954.36,1895.793,2057.312,3383.531
"2012-10-06 19:00:00",18421,12.29,1954.168,1895.804,2057.323,3383.482
"2012-10-06 19:10:00",18422,12.29,1954.171,1895.807,2057.327,3383.42
"2012-10-06 19:20:00",18423,12.29,1954.444,1895.808,2057.328,3383.761
"2012-10-06 19:30:00",18424,12.29,1954.376,1895.808,2057.328,3383.49
"2012-10-06 19:40:00",18425,12.29,1954.444,1895.808,2057.328,3383.625
"2012-10-06 19:50:00",18426,12.28,1954.308,1895.808,2057.328,3384.033
"2012-10-06 20:00:00",18427,12.28,1954.376,1895.808,2057.328,3384.643
"2012-10-06 20:10:00",18428,12.28,1954.24,1895.808,2057.328,3384.779
"2012-10-06 20:20:00",18429,12.28,1954.987,1895.808,2057.328,3385.118
"2012-10-06 20:30:00",18430,12.28,1955.462,1895.808,2057.328,3385.661
"2012-10-06 20:40:00",18431,12.28,1955.53,1895.944,2057.328,3386.069
"2012-10-06 20:50:00",18432,12.28,1955.53,1896.826,2057.463,3386.137
"2012-10-06 21:00:00",18433,12.27,1955.53,1896.215,2058.074,3386.137
"2012-10-06 21:10:00",18434,12.27,1955.53,1896.351,2058.685,3386.137
"2012-10-06 21:20:00",18435,12.27,1955.665,1896.962,2058.685,3386.137
"2012-10-06 21:30:00",18436,12.27,1955.937,1897.165,2058.685,3386.408
"2012-10-06 21:40:00",18437,12.27,1956.14,1897.165,2058.685,3387.494
"2012-10-06 21:50:00",18438,12.27,1956.887,1897.165,2058.685,3387.494
"2012-10-06 22:00:00",18439,12.27,1956.887,1897.165,2058.685,3387.494
"2012-10-06 22:10:00",18440,12.26,1956.887,1897.165,2058.685,3387.494
"2012-10-06 22:20:00",18441,12.26,1956.887,1897.165,2058.685,3387.494
"2012-10-06 22:30:00",18442,12.26,1956.887,1897.165,2058.889,3387.833
"2012-10-06 22:40:00",18443,12.26,1956.887,1897.165,2058.957,3387.901
"2012-10-06 22:50:00",18444,12.26,1956.887,1897.165,2059.025,3388.58
"2012-10-06 23:00:00",18445,12.25,1956.887,1897.165,2059.16,3388.512
"2012-10-06 23:10:00",18446,12.25,1956.887,1897.165,2059.5,3388.851
"2012-10-06 23:20:00",18447,12.25,1956.887,1897.165,2059.703,3388.851
"2012-10-06 23:30:00",18448,12.25,1956.887,1897.165,2059.839,3388.851
"2012-10-06 23:40:00",18449,12.25,1956.887,1897.165,2059.907,3388.851
"2012-10-06 23:50:00",18450,12.25,1956.887,1897.165,2060.042,3388.851
"2012-10-07 00:00:00",18451,12.25,1956.887,1897.165,2060.042,3388.851
"2012-10-07 00:10:00",18452,12.25,1956.887,1897.165,2059.975,3388.851
"2012-10-07 00:20:00",18453,12.24,1956.751,1897.165,2058.821,3388.851
"2012-10-07 00:30:00",18454,12.24,1956.887,1897.165,2059.16,3388.851
"2012-10-07 00:40:00",18455,12.24,1956.751,1897.165,2058.685,3388.851
"2012-10-07 00:50:00",18456,12.24,1956.819,1897.165,2058.685,3388.851
"2012-10-07 01:00:00",18457,12.24,1956.751,1897.165,2058.685,3388.715
"2012-10-07 01:10:00",18458,12.24,1956.615,1897.165,2058.685,3388.783
"2012-10-07 01:20:00",18459,12.23,1955.597,1897.165,2058.685,3388.851
"2012-10-07 01:30:00",18460,12.23,1955.53,1897.165,2058.685,3388.376
"2012-10-07 01:40:00",18461,12.23,1955.53,1897.165,2058.685,3388.376
"2012-10-07 01:50:00",18462,12.23,1955.53,1897.097,2058.685,3388.037
"2012-10-07 02:00:00",18463,12.23,1955.53,1896.622,2058.685,3387.969
"2012-10-07 02:10:00",18464,12.23,1955.53,1895.808,2058.685,3387.562
"2012-10-07 02:20:00",18465,12.22,1955.53,1895.808,2058.685,3387.629
"2012-10-07 02:30:00",18466,12.22,1955.53,1895.808,2058.685,3387.494
"2012-10-07 02:40:00",18467,12.22,1955.53,1895.808,2058.685,3387.494
"2012-10-07 02:50:00",18468,12.22,1955.53,1895.808,2058.685,3387.562
"2012-10-07 03:00:00",18469,12.22,1955.474,1895.819,2057.815,3387.583
"2012-10-07 03:10:00",18470,12.22,1955.254,1896.001,2057.538,3387.839
"2012-10-07 03:20:00",18471,12.22,1955.498,1896.172,2057.723,3388.145
"2012-10-07 03:30:00",18472,12.22,1955.204,1896.348,2057.915,3388.46
"2012-10-07 03:40:00",18473,12.22,1954.804,1896.42,2057.178,3387.231
"2012-10-07 03:50:00",18474,12.22,1954.839,1896.652,2056.886,3387.712
"2012-10-07 04:00:00",18475,12.21,1954.267,1896.139,2057.213,3388.184
"2012-10-07 04:10:00",18476,12.21,1954.096,1895.693,2057.319,3388.291
"2012-10-07 04:20:00",18477,12.21,1954.128,1895.724,2057.353,3388.414
"2012-10-07 04:30:00",18478,12.21,1954.137,1895.733,2057.091,3388.294
"2012-10-07 04:40:00",18479,12.21,1954.004,1895.124,2056.075,3387.212
"2012-10-07 04:50:00",18480,12.2,1953.122,1894.378,2056.008,3387.01
"2012-10-07 05:00:00",18481,12.2,1952.646,1894.378,2055.873,3385.855
"2012-10-07 05:10:00",18482,12.2,1952.782,1894.378,2055.669,3385.719
"2012-10-07 05:20:00",18483,12.2,1952.646,1893.971,2054.854,3385.719
"2012-10-07 05:30:00",18484,12.2,1951.764,1893.495,2054.65,3385.583
"2012-10-07 05:40:00",18485,12.2,1951.424,1893.02,2054.65,3385.583
"2012-10-07 05:50:00",18486,12.19,1951.424,1893.02,2054.65,3384.361
"2012-10-07 06:00:00",18487,12.19,1951.288,1892.884,2054.65,3384.089
"2012-10-07 06:10:00",18488,12.19,1951.288,1892.952,2054.582,3383.546
"2012-10-07 06:20:00",18489,12.19,1951.424,1892.205,2054.243,3383.071
"2012-10-07 06:30:00",18490,12.19,1950.881,1891.662,2054.311,3383.003
"2012-10-07 06:40:00",18491,12.19,1950.745,1891.662,2054.514,3382.867
"2012-10-07 06:50:00",18492,12.19,1950.066,1891.662,2054.175,3383.003
"2012-10-07 07:00:00",18493,12.19,1950.066,1891.662,2053.699,3382.799
"2012-10-07 07:10:00",18494,12.19,1949.523,1891.662,2053.292,3381.373
"2012-10-07 07:20:00",18495,12.3,1948.979,1891.187,2053.292,3381.509
"2012-10-07 07:30:00",18496,12.37,1949.794,1890.371,2053.156,3381.509
"2012-10-07 07:40:00",18497,12.48,1949.93,1890.304,2053.292,3380.762
"2012-10-07 07:50:00",18498,12.48,1949.115,1890.304,2053.292,3380.286
"2012-10-07 08:00:00",18499,12.46,1948.708,1890.304,2053.292,3380.286
"2012-10-07 08:10:00",18500,12.42,1948.776,1890.304,2053.292,3380.286
"2012-10-07 08:20:00",18501,12.34,1948.708,1889.76,2052.749,3380.286
"2012-10-07 08:30:00",18502,12.31,1948.625,1888.933,2052.594,3380.075
"2012-10-07 08:40:00",18503,12.3,1948.256,1888.507,2051.458,3379.502
"2012-10-07 08:50:00",18504,12.29,1947.816,1888.081,2051.538,3378.333
"2012-10-07 09:00:00",18505,12.3,1947.514,1887.788,2051.762,3377.468
"2012-10-07 09:10:00",18506,12.3,1947.425,1887.702,2050.651,3376.976
"2012-10-07 09:20:00",18507,12.31,1947.398,1887.676,2050.962,3376.657
"2012-10-07 09:30:00",18508,12.35,1947.254,1887.736,2050.817,3376.643
"2012-10-07 09:40:00",18509,12.34,1947.252,1887.665,2050.543,3376.435
"2012-10-07 09:50:00",18510,12.37,1947.387,1887.733,2050.543,3376.23
"2012-10-07 10:00:00",18511,12.41,1947.183,1887.665,2050.543,3375.281
"2012-10-07 10:10:00",18512,12.44,1947.369,1887.647,2050.523,3375.248
"2012-10-07 10:20:00",18513,12.47,1947.175,1887.591,2050.462,3375.895
"2012-10-07 10:30:00",18514,12.54,1947.091,1887.378,2050.163,3375.31
"2012-10-07 10:40:00",18515,12.67,1946.781,1887.078,2049.905,3374.297
"2012-10-07 10:50:00",18516,12.74,1946.325,1886.767,2049.567,3373.674
"2012-10-07 11:00:00",18517,12.78,1946.193,1886.508,2049.286,3373.21
"2012-10-07 11:10:00",18518,12.74,1946.105,1886.491,2049.193,3373.194
"2012-10-07 11:20:00",18519,12.77,1946.077,1887.142,2049.232,3374.095
"2012-10-07 11:30:00",18520,12.77,1946.07,1886.931,2049.563,3374.353
"2012-10-07 11:40:00",18521,12.81,1945.796,1886.589,2049.153,3374.349
"2012-10-07 11:50:00",18522,12.86,1946.066,1886.385,2049.22,3373.33
"2012-10-07 12:00:00",18523,13.12,1945.931,1886.385,2049.22,3372.991
"2012-10-07 12:10:00",18524,13.9,1946.066,1886.385,2049.152,3372.991
"2012-10-07 12:20:00",18525,14.24,1945.863,1886.385,2049.152,3372.855
"2012-10-07 12:30:00",18526,14.56,1945.253,1886.385,2049.152,3372.584
"2012-10-07 12:40:00",18527,14.56,1945.524,1887.131,2049.152,3372.245
"2012-10-07 12:50:00",18528,14.5,1945.32,1886.589,2049.152,3371.635
"2012-10-07 13:00:00",18529,14.59,1945.727,1886.453,2049.152,3371.635
"2012-10-07 13:10:00",18530,14.53,1945.795,1886.656,2049.152,3370.278
"2012-10-07 13:20:00",18531,14.51,1945.66,1887.131,2049.152,3370.278
"2012-10-07 13:30:00",18532,14.23,1945.931,1887.131,2049.152,3370.21
"2012-10-07 13:40:00",18533,14.15,1945.999,1886.928,2049.152,3370.143
"2012-10-07 13:50:00",18534,14.36,1945.524,1886.521,2049.152,3370.278
"2012-10-07 14:00:00",18535,14.54,1944.71,1886.385,2049.152,3370.21
"2012-10-07 14:10:00",18536,14.64,1944.671,1886.347,2049.179,3370.211
"2012-10-07 14:20:00",18537,14.19,1944.647,1886.324,2049.086,3370.101
"2012-10-07 14:30:00",18538,14.12,1944.583,1886.262,2049.019,3370.059
"2012-10-07 14:40:00",18539,13.17,1944.568,1886.247,2049.071,3370.032
"2012-10-07 14:50:00",18540,12.94,1944.518,1886.199,2049.493,3369.81
"2012-10-07 15:00:00",18541,12.82,1945.468,1886.265,2049.7,3369.792
"2012-10-07 15:10:00",18542,12.69,1946.029,1886.349,2049.113,3370.078
"2012-10-07 15:20:00",18543,12.62,1946.055,1886.578,2049.14,3370.258
"2012-10-07 15:30:00",18544,12.61,1946.063,1886.992,2049.148,3370.204
"2012-10-07 15:40:00",18545,12.58,1946.065,1886.655,2049.219,3370.14
"2012-10-07 15:50:00",18546,12.57,1946.066,1887.741,2049.219,3369.938
"2012-10-07 16:00:00",18547,12.57,1946.066,1887.741,2049.152,3370.209
"2012-10-07 16:10:00",18548,12.56,1946.066,1887.741,2049.83,3369.26
"2012-10-07 16:20:00",18549,12.54,1946.066,1887.741,2049.219,3368.921
"2012-10-07 16:30:00",18550,12.53,1946.066,1887.741,2049.491,3368.921
"2012-10-07 16:40:00",18551,12.53,1946.066,1887.741,2049.83,3368.921
"2012-10-07 16:50:00",18552,12.5,1946.066,1887.741,2049.898,3368.921
"2012-10-07 17:00:00",18553,12.5,1946.066,1887.741,2050.508,3368.921
"2012-10-07 17:10:00",18554,12.49,1946.094,1887.768,2050.402,3368.969
"2012-10-07 17:20:00",18555,12.48,1946.227,1887.83,2050.678,3369.2
"2012-10-07 17:30:00",18556,12.47,1946.516,1888.177,2050.982,3369.7
"2012-10-07 17:40:00",18557,12.47,1946.842,1887.883,2051.326,3370.265
"2012-10-07 17:50:00",18558,12.46,1947.204,1887.896,2051.708,3370.893
"2012-10-07 18:00:00",18559,12.46,1947.331,1888.222,2051.842,3371.113
"2012-10-07 18:10:00",18560,12.45,1947.369,1889.005,2051.881,3371.653
"2012-10-07 18:20:00",18561,12.45,1947.381,1888.745,2051.894,3372.352
"2012-10-07 18:30:00",18562,12.45,1947.385,1888.545,2051.898,3372.426
"2012-10-07 18:40:00",18563,12.45,1947.386,1888.885,2051.966,3372.563
"2012-10-07 18:50:00",18564,12.44,1947.386,1888.885,2052.442,3372.563
"2012-10-07 19:00:00",18565,12.43,1947.386,1889.021,2053.188,3372.563
"2012-10-07 19:10:00",18566,12.43,1947.453,1889.021,2053.256,3372.563
"2012-10-07 19:20:00",18567,12.43,1947.474,1889.107,2053.35,3372.717
"2012-10-07 19:30:00",18568,12.43,1947.964,1889.188,2053.437,3372.86
"2012-10-07 19:40:00",18569,12.43,1947.902,1889.456,2053.728,3373.339
"2012-10-07 19:50:00",18570,12.42,1949.228,1889.623,2053.91,3373.841
"2012-10-07 20:00:00",18571,12.42,1949.51,1889.764,2054.064,3374.637
"2012-10-07 20:10:00",18572,12.42,1949.714,1889.962,2054.279,3375.602
"2012-10-07 20:20:00",18573,12.42,1949.925,1890.235,2054.501,3375.968
"2012-10-07 20:30:00",18574,12.41,1950.023,1890.873,2054.604,3376.137
"2012-10-07 20:40:00",18575,12.41,1950.054,1891.65,2054.637,3376.462
"2012-10-07 20:50:00",18576,12.41,1950.47,1891.659,2054.646,3377.292
"2012-10-07 21:00:00",18577,12.41,1951.084,1891.661,2054.649,3377.568
"2012-10-07 21:10:00",18578,12.4,1951.288,1891.662,2054.65,3377.57
"2012-10-07 21:20:00",18579,12.4,1951.424,1891.662,2055.737,3377.57
"2012-10-07 21:30:00",18580,12.4,1951.424,1891.662,2056.008,3377.57
"2012-10-07 21:40:00",18581,12.4,1951.424,1891.662,2056.008,3377.57
"2012-10-07 21:50:00",18582,12.39,1951.424,1891.662,2056.008,3377.57
"2012-10-07 22:00:00",18583,12.39,1951.424,1891.662,2056.008,3377.57
"2012-10-07 22:10:00",18584,12.39,1951.424,1891.662,2056.008,3377.57
"2012-10-07 22:20:00",18585,12.38,1951.424,1891.662,2056.008,3378.181
"2012-10-07 22:30:00",18586,12.38,1951.424,1891.662,2056.008,3378.928
"2012-10-07 22:40:00",18587,12.38,1951.424,1891.662,2056.008,3378.928
"2012-10-07 22:50:00",18588,12.38,1951.424,1891.662,2056.008,3378.928
"2012-10-07 23:00:00",18589,12.37,1951.424,1891.662,2056.008,3378.928
"2012-10-07 23:10:00",18590,12.37,1951.424,1891.662,2056.008,3378.928
"2012-10-07 23:20:00",18591,12.37,1951.424,1891.662,2056.008,3379.2
"2012-10-07 23:30:00",18592,12.37,1951.424,1891.662,2056.008,3379.607
"2012-10-07 23:40:00",18593,12.36,1951.424,1891.662,2056.008,3379.947
"2012-10-07 23:50:00",18594,12.36,1951.424,1891.662,2056.008,3380.286
"2012-10-08 00:00:00",18595,12.36,1951.424,1891.662,2056.008,3380.286
"2012-10-08 00:10:00",18596,12.36,1952.103,1891.662,2056.008,3380.286
"2012-10-08 00:20:00",18597,12.35,1952.782,1892.341,2056.008,3380.286
"2012-10-08 00:30:00",18598,12.35,1952.782,1893.02,2056.008,3380.286
"2012-10-08 00:40:00",18599,12.35,1952.782,1893.02,2056.212,3380.286
"2012-10-08 00:50:00",18600,12.35,1952.782,1893.02,2056.484,3381.169
"2012-10-08 01:00:00",18601,12.34,1952.782,1893.02,2057.231,3381.645
"2012-10-08 01:10:00",18602,12.34,1952.782,1893.02,2057.366,3381.645
"2012-10-08 01:20:00",18603,12.34,1952.782,1893.02,2057.366,3381.645
"2012-10-08 01:30:00",18604,12.34,1952.782,1893.02,2057.366,3381.712
"2012-10-08 01:40:00",18605,12.33,1952.782,1893.02,2057.298,3381.781
"2012-10-08 01:50:00",18606,12.33,1952.85,1893.02,2057.366,3382.46
"2012-10-08 02:00:00",18607,12.33,1953.665,1893.02,2057.366,3382.935
"2012-10-08 02:10:00",18608,12.33,1953.733,1893.02,2057.366,3383.003
"2012-10-08 02:20:00",18609,12.32,1953.801,1893.02,2057.366,3383.003
"2012-10-08 02:30:00",18610,12.32,1954.037,1892.986,2057.329,3382.941
"2012-10-08 02:40:00",18611,12.32,1953.885,1893.038,2057.312,3382.913
"2012-10-08 02:50:00",18612,12.31,1954.118,1893.133,2057.342,3382.963
"2012-10-08 03:00:00",18613,12.31,1953.776,1894.286,2057.34,3382.959
"2012-10-08 03:10:00",18614,12.31,1954.109,1894.348,2057.333,3382.948
"2012-10-08 03:20:00",18615,12.31,1954.131,1894.369,2057.357,3382.987
"2012-10-08 03:30:00",18616,12.3,1954.096,1894.267,2057.32,3382.926
"2012-10-08 03:40:00",18617,12.3,1954.086,1894.258,2057.309,3382.909
"2012-10-08 03:50:00",18618,12.3,1954.119,1894.222,2057.344,3382.966
"2012-10-08 04:00:00",18619,12.29,1954.117,1894.355,2057.342,3382.962
"2012-10-08 04:10:00",18620,12.29,1954.11,1894.213,2057.334,3382.95
"2012-10-08 04:20:00",18621,12.29,1954.132,1894.234,2057.357,3382.988
"2012-10-08 04:30:00",18622,12.29,1954.138,1894.036,2057.296,3382.999
"2012-10-08 04:40:00",18623,12.28,1954.14,1894.106,2057.366,3383.002
"2012-10-08 04:50:00",18624,12.28,1954.141,1894.31,2057.298,3383.003
"2012-10-08 05:00:00",18625,12.28,1954.073,1894.175,2057.366,3383.003
"2012-10-08 05:10:00",18626,12.28,1954.141,1894.243,2057.366,3383.071
"2012-10-08 05:20:00",18627,12.27,1954.141,1894.31,2057.298,3383.003
"2012-10-08 05:30:00",18628,12.27,1954.141,1894.243,2057.298,3383.003
"2012-10-08 05:40:00",18629,12.26,1954.005,1894.175,2057.298,3383.003
"2012-10-08 05:50:00",18630,12.26,1954.005,1894.31,2057.095,3383.003
"2012-10-08 06:00:00",18631,12.26,1954.141,1894.31,2057.163,3383.003
"2012-10-08 06:10:00",18632,12.26,1954.141,1893.903,2057.095,3383.614
"2012-10-08 06:20:00",18633,12.26,1954.141,1894.378,2057.366,3384.293
"2012-10-08 06:30:00",18634,12.27,1954.141,1894.378,2057.366,3384.361
"2012-10-08 06:40:00",18635,12.28,1954.141,1894.378,2057.366,3384.361
"2012-10-08 06:50:00",18636,12.28,1954.141,1894.378,2057.366,3384.361
"2012-10-08 07:00:00",18637,12.29,1954.141,1894.378,2057.366,3384.361
"2012-10-08 07:10:00",18638,12.32,1954.141,1894.378,2057.366,3384.361
"2012-10-08 07:20:00",18639,12.33,1954.141,1894.378,2057.366,3384.361
"2012-10-08 07:30:00",18640,12.35,1954.041,1894.282,2057.262,3384.189
"2012-10-08 07:40:00",18641,12.43,1953.845,1894.092,2057.056,3383.85
"2012-10-08 07:50:00",18642,12.49,1953.604,1893.858,2056.802,3383.432
"2012-10-08 08:00:00",18643,12.61,1953.466,1893.724,2056.656,3383.26
"2012-10-08 08:10:00",18644,12.62,1953.215,1893.481,2056.392,3382.826
"2012-10-08 08:20:00",18645,12.58,1952.937,1893.212,2056.099,3383.226
"2012-10-08 08:30:00",18646,12.57,1952.853,1893.13,2056.01,3383.419
"2012-10-08 08:40:00",18647,12.61,1952.827,1893.105,2055.983,3383.443
"2012-10-08 08:50:00",18648,12.72,1952.819,1893.097,2055.975,3383.428
"2012-10-08 09:00:00",18649,12.61,1952.817,1893.095,2055.972,3383.425
"2012-10-08 09:10:00",18650,12.49,1952.816,1893.094,2055.972,3383.424
"2012-10-08 09:20:00",18651,12.4,1952.816,1893.094,2055.972,3383.424
"2012-10-08 09:30:00",18652,12.39,1952.816,1893.094,2055.972,3383.424
"2012-10-08 09:40:00",18653,12.45,1952.816,1893.094,2055.972,3383.424
"2012-10-08 09:50:00",18654,12.62,1952.816,1893.094,2055.972,3383.424
"2012-10-08 10:00:00",18655,12.58,1952.816,1893.094,2055.972,3383.424
"2012-10-08 10:10:00",18656,12.54,1952.816,1893.094,2055.972,3383.424
"2012-10-08 10:20:00",18657,12.43,1952.816,1893.094,2055.972,3383.424
"2012-10-08 10:30:00",18658,12.41,1952.816,1893.094,2055.972,3383.424
"2012-10-08 10:40:00",18659,12.57,1952.816,1893.094,2055.972,3383.424
"2012-10-08 10:50:00",18660,12.7,1952.816,1893.094,2055.972,3383.424
"2012-10-08 11:00:00",18661,12.8,1952.816,1893.094,2055.429,3383.424
"2012-10-08 11:10:00",18662,12.88,1952.816,1893.094,2054.683,3383.356
"2012-10-08 11:20:00",18663,12.68,1952.816,1893.094,2055.429,3383.424
"2012-10-08 11:30:00",18664,12.87,1952.816,1893.094,2054.954,3383.424
"2012-10-08 11:40:00",18665,12.66,1952.816,1893.094,2054.615,3383.424
"2012-10-08 11:50:00",18666,12.77,1952.714,1893.131,2054.507,3383.248
"2012-10-08 12:00:00",18667,12.76,1952.656,1892.939,2054.446,3383.147
"2012-10-08 12:10:00",18668,12.79,1952.49,1892.778,2054.271,3382.79
"2012-10-08 12:20:00",18669,14.31,1952.3,1892.594,2054.071,3382.393
"2012-10-08 12:30:00",18670,13.19,1952.213,1892.984,2053.98,3382.107
"2012-10-08 12:40:00",18671,12.7,1951.968,1892.814,2053.722,3381.954
"2012-10-08 12:50:00",18672,12.61,1951.755,1892.27,2053.499,3381.585
"2012-10-08 13:00:00",18673,12.58,1951.591,1891.907,2053.326,3381.234
"2012-10-08 13:10:00",18674,12.67,1951.586,1891.902,2053.32,3381.156
"2012-10-08 13:20:00",18675,12.71,1951.656,1891.969,2053.394,3380.735
"2012-10-08 13:30:00",18676,13.18,1951.895,1892.201,2053.646,3380.539
"2012-10-08 13:40:00",18677,14.64,1952.082,1892.383,2053.775,3381.27
"2012-10-08 13:50:00",18678,14.47,1952.209,1892.574,2053.976,3381.083
"2012-10-08 14:00:00",18679,13.74,1951.95,1892.321,2053.775,3380.684
"2012-10-08 14:10:00",18680,13.27,1951.706,1892.154,2053.446,3380.143
"2012-10-08 14:20:00",18681,12.72,1951.574,1891.89,2053.307,3380.05
"2012-10-08 14:30:00",18682,12.7,1951.516,1891.834,2053.247,3379.883
"2012-10-08 14:40:00",18683,12.93,1951.527,1891.845,2053.191,3379.834
"2012-10-08 14:50:00",18684,14.3,1951.57,1892.022,2053.303,3379.975
"2012-10-08 15:00:00",18685,13.11,1951.616,1891.931,2053.352,3379.988
"2012-10-08 15:10:00",18686,12.81,1951.575,1891.891,2053.309,3379.917
"2012-10-08 15:20:00",18687,13.05,1951.544,1891.861,2053.276,3379.863
"2012-10-08 15:30:00",18688,12.8,1951.572,1891.888,2053.306,3379.912
"2012-10-08 15:40:00",18689,12.69,1951.553,1891.87,2053.286,3379.878
"2012-10-08 15:50:00",18690,12.57,1951.457,1891.842,2052.578,3379.829
"2012-10-08 16:00:00",18691,12.58,1951.614,1892.061,2052.204,3380.219
"2012-10-08 16:10:00",18692,12.52,1951.676,1892.252,2052.344,3380.562
"2012-10-08 16:20:00",18693,12.49,1952.155,1892.651,2052.776,3381.274
"2012-10-08 16:30:00",18694,12.48,1952.408,1892.962,2053.113,3381.626
"2012-10-08 16:40:00",18695,12.48,1952.705,1893.053,2053.212,3381.789
"2012-10-08 16:50:00",18696,12.46,1952.531,1893.082,2053.244,3382.044
"2012-10-08 17:00:00",18697,12.45,1952.269,1893.09,2053.253,3381.924
"2012-10-08 17:10:00",18698,12.44,1952.339,1893.093,2053.255,3381.86
"2012-10-08 17:20:00",18699,12.46,1952.679,1893.093,2053.256,3382.064
"2012-10-08 17:30:00",18700,12.45,1952.815,1893.093,2053.256,3382.064
"2012-10-08 17:40:00",18701,12.43,1952.815,1893.093,2054.138,3382.064
"2012-10-08 17:50:00",18702,12.42,1952.815,1893.093,2054.613,3382.064
"2012-10-08 18:00:00",18703,12.41,1952.815,1893.093,2054.613,3382.064
"2012-10-08 18:10:00",18704,12.41,1952.828,1893.106,2054.627,3382.359
"2012-10-08 18:20:00",18705,12.41,1952.875,1893.152,2054.677,3383.255
"2012-10-08 18:30:00",18706,12.4,1952.85,1893.128,2054.651,3383.484
"2012-10-08 18:40:00",18707,12.4,1952.865,1893.141,2054.666,3383.508
"2012-10-08 18:50:00",18708,12.4,1953.167,1893.172,2054.698,3383.562
"2012-10-08 19:00:00",18709,12.39,1953.644,1893.24,2054.772,3383.683
"2012-10-08 19:10:00",18710,12.39,1954.454,1893.366,2055.656,3383.91
"2012-10-08 19:20:00",18711,12.39,1954.477,1894.067,2056.291,3383.949
"2012-10-08 19:30:00",18712,12.38,1954.475,1894.745,2056.29,3384.083
"2012-10-08 19:40:00",18713,12.38,1954.501,1894.77,2056.317,3384.535
"2012-10-08 19:50:00",18714,12.37,1954.59,1894.855,2056.41,3385.435
"2012-10-08 20:00:00",18715,12.37,1954.582,1894.847,2056.401,3385.489
"2012-10-08 20:10:00",18716,12.37,1954.529,1894.797,2056.346,3385.398
"2012-10-08 20:20:00",18717,12.37,1954.907,1894.966,2056.53,3385.7
"2012-10-08 20:30:00",18718,12.36,1955.562,1894.876,2056.432,3385.54
"2012-10-08 20:40:00",18719,12.36,1955.923,1894.832,2056.385,3385.529
"2012-10-08 20:50:00",18720,12.35,1955.861,1894.772,2056.319,3386.439
"2012-10-08 21:00:00",18721,12.35,1955.911,1894.82,2056.371,3386.729
"2012-10-08 21:10:00",18722,12.35,1956,1894.906,2056.465,3386.884
"2012-10-08 21:20:00",18723,12.34,1955.87,1895.188,2056.329,3386.727
"2012-10-08 21:30:00",18724,12.34,1955.918,1896.184,2056.379,3386.809
"2012-10-08 21:40:00",18725,12.34,1956.018,1896.146,2056.484,3386.982
"2012-10-08 21:50:00",18726,12.33,1955.989,1896.253,2056.454,3386.933
"2012-10-08 22:00:00",18727,12.33,1955.957,1896.222,2056.42,3386.877
"2012-10-08 22:10:00",18728,12.32,1955.926,1896.193,2056.388,3386.824
"2012-10-08 22:20:00",18729,12.32,1956.011,1896.275,2056.477,3386.971
"2012-10-08 22:30:00",18730,12.31,1955.978,1896.242,2056.442,3386.98
"2012-10-08 22:40:00",18731,12.31,1955.926,1896.193,2056.388,3386.892
"2012-10-08 22:50:00",18732,12.3,1955.992,1896.191,2056.386,3386.821
"2012-10-08 23:00:00",18733,12.3,1956.639,1896.291,2056.494,3387.271
"2012-10-08 23:10:00",18734,12.29,1957.391,1896.362,2056.572,3388.145
"2012-10-08 23:20:00",18735,12.29,1957.429,1896.333,2056.88,3388.433
"2012-10-08 23:30:00",18736,12.28,1957.371,1896.277,2057.497,3388.332
"2012-10-08 23:40:00",18737,12.28,1957.38,1896.285,2057.846,3388.347
"2012-10-08 23:50:00",18738,12.27,1957.433,1896.337,2057.902,3388.439
"2012-10-09 00:00:00",18739,12.27,1957.504,1896.406,2057.977,3388.562
"2012-10-09 00:10:00",18740,12.26,1957.524,1896.425,2057.998,3388.665
"2012-10-09 00:20:00",18741,12.26,1957.4,1896.305,2057.868,3388.994
"2012-10-09 00:30:00",18742,12.26,1957.375,1896.28,2057.841,3389.017
"2012-10-09 00:40:00",18743,12.25,1957.438,1896.342,2057.907,3389.263
"2012-10-09 00:50:00",18744,12.25,1957.498,1897.011,2057.971,3389.842
"2012-10-09 01:00:00",18745,12.24,1957.78,1897.632,2057.982,3389.928
"2012-10-09 01:10:00",18746,12.24,1958.246,1897.759,2057.972,3389.913
"2012-10-09 01:20:00",18747,12.24,1958.669,1897.708,2057.917,3389.821
"2012-10-09 01:30:00",18748,12.24,1958.668,1897.707,2057.916,3389.82
"2012-10-09 01:40:00",18749,12.24,1958.722,1897.694,2057.901,3389.796
"2012-10-09 01:50:00",18750,12.23,1958.813,1897.716,2057.925,3389.835
"2012-10-09 02:00:00",18751,12.23,1958.876,1897.778,2057.992,3389.945
"2012-10-09 02:10:00",18752,12.23,1958.899,1897.8,2058.016,3389.985
"2012-10-09 02:20:00",18753,12.23,1958.906,1897.806,2058.023,3389.997
"2012-10-09 02:30:00",18754,12.22,1958.973,1897.871,2058.094,3390.113
"2012-10-09 02:40:00",18755,12.22,1959.134,1898.027,2058.262,3390.391
"2012-10-09 02:50:00",18756,12.22,1959.409,1898.294,2058.552,3390.868
"2012-10-09 03:00:00",18757,12.22,1959.458,1898.407,2058.675,3391.07
"2012-10-09 03:10:00",18758,12.22,1959.423,1898.439,2058.71,3391.128
"2012-10-09 03:20:00",18759,12.21,1959.501,1898.449,2058.72,3391.145
"2012-10-09 03:30:00",18760,12.21,1959.437,1898.452,2058.724,3391.151
"2012-10-09 03:40:00",18761,12.21,1959.302,1898.453,2058.725,3391.152
"2012-10-09 03:50:00",18762,12.21,1959.234,1898.453,2058.725,3391.152
"2012-10-09 04:00:00",18763,12.2,1959.573,1898.453,2058.725,3391.152
"2012-10-09 04:10:00",18764,12.2,1959.573,1898.453,2058.725,3391.152
"2012-10-09 04:20:00",18765,12.2,1959.573,1898.453,2058.725,3391.152
"2012-10-09 04:30:00",18766,12.2,1959.438,1898.453,2058.725,3391.152
"2012-10-09 04:40:00",18767,12.2,1959.573,1898.453,2058.725,3391.152
"2012-10-09 04:50:00",18768,12.2,1959.506,1898.453,2058.725,3391.492
"2012-10-09 05:00:00",18769,12.19,1959.37,1898.453,2058.725,3392.171
"2012-10-09 05:10:00",18770,12.19,1959.37,1898.453,2058.725,3392.51
"2012-10-09 05:20:00",18771,12.19,1959.506,1898.453,2058.725,3392.51
"2012-10-09 05:30:00",18772,12.19,1959.506,1898.453,2058.725,3392.51
"2012-10-09 05:40:00",18773,12.19,1959.438,1898.453,2058.725,3392.51
"2012-10-09 05:50:00",18774,12.19,1959.573,1898.453,2058.725,3392.51
"2012-10-09 06:00:00",18775,12.19,1959.573,1898.453,2058.725,3392.51
"2012-10-09 06:10:00",18776,12.19,1959.573,1898.453,2058.725,3392.51
"2012-10-09 06:20:00",18777,12.19,1959.573,1898.453,2058.725,3392.579
"2012-10-09 06:30:00",18778,12.19,1959.573,1898.453,2058.725,3393.19
"2012-10-09 06:40:00",18779,12.18,1959.573,1898.453,2058.725,3393.801
"2012-10-09 06:50:00",18780,12.18,1959.573,1898.453,2058.725,3393.801
"2012-10-09 07:00:00",18781,12.19,1959.573,1898.453,2058.725,3393.665
"2012-10-09 07:10:00",18782,12.2,1959.573,1898.453,2058.725,3393.869
"2012-10-09 07:20:00",18783,12.27,1959.573,1898.453,2058.725,3393.733
"2012-10-09 07:30:00",18784,12.34,1959.573,1898.861,2058.725,3393.869
"2012-10-09 07:40:00",18785,12.33,1959.573,1899.675,2058.725,3393.869
"2012-10-09 07:50:00",18786,12.4,1959.573,1899.404,2058.725,3393.869
"2012-10-09 08:00:00",18787,12.42,1959.547,1899.785,2059.579,3393.822
"2012-10-09 08:10:00",18788,12.47,1959.405,1899.648,2059.77,3393.576
"2012-10-09 08:20:00",18789,12.45,1959.106,1899.358,2059.592,3393.059
"2012-10-09 08:30:00",18790,12.5,1958.768,1899.03,2059.236,3392.473
"2012-10-09 08:40:00",18791,12.52,1958.469,1898.74,2058.921,3391.955
"2012-10-09 08:50:00",18792,12.56,1958.312,1898.588,2058.756,3391.683
"2012-10-09 09:00:00",18793,12.59,1958.266,1898.543,2058.708,3391.603
"2012-10-09 09:10:00",18794,12.6,1958.251,1898.529,2058.692,3391.578
"2012-10-09 09:20:00",18795,12.63,1958.247,1898.525,2058.688,3391.57
"2012-10-09 09:30:00",18796,12.71,1958.245,1898.524,2058.687,3391.568
"2012-10-09 09:40:00",18797,12.66,1958.245,1898.524,2058.687,3391.568
"2012-10-09 09:50:00",18798,12.68,1958.245,1898.524,2058.687,3391.568
"2012-10-09 10:00:00",18799,12.73,1958.245,1898.524,2058.687,3391.568
"2012-10-09 10:10:00",18800,12.8,1958.245,1898.524,2058.619,3391.568
"2012-10-09 10:20:00",18801,12.73,1958.245,1898.524,2057.94,3391.568
"2012-10-09 10:30:00",18802,12.73,1958.042,1898.524,2057.329,3391.568
"2012-10-09 10:40:00",18803,12.77,1958.042,1898.524,2057.329,3391.568
"2012-10-09 10:50:00",18804,12.75,1957.838,1898.524,2057.329,3391.568
"2012-10-09 11:00:00",18805,12.76,1957.289,1898.517,2057.322,3391.557
"2012-10-09 11:10:00",18806,12.74,1956.812,1898.45,2057.249,3391.436
"2012-10-09 11:20:00",18807,12.7,1956.714,1898.355,2057.147,3391.267
"2012-10-09 11:30:00",18808,12.69,1956.492,1898.14,2056.913,3390.882
"2012-10-09 11:40:00",18809,12.77,1956.306,1897.891,2056.717,3390.491
"2012-10-09 11:50:00",18810,12.81,1956.235,1897.619,2056.439,3390.165
"2012-10-09 12:00:00",18811,12.7,1956.073,1896.711,2055.937,3389.237
"2012-10-09 12:10:00",18812,12.96,1956.193,1896.56,2055.649,3389.277
"2012-10-09 12:20:00",18813,12.78,1956.085,1896.591,2055.67,3389.157
"2012-10-09 12:30:00",18814,13.07,1955.883,1896.667,2055.187,3389.215
"2012-10-09 12:40:00",18815,13.68,1955.723,1896.304,2054.89,3388.902
"2012-10-09 12:50:00",18816,12.67,1955.885,1896.194,2054.918,3388.473
"2012-10-09 13:00:00",18817,12.64,1955.837,1896.148,2054.868,3388.39
"2012-10-09 13:10:00",18818,13.09,1955.779,1896.091,2054.807,3388.357
"2012-10-09 13:20:00",18819,14.03,1955.728,1896.245,2054.753,3388.201
"2012-10-09 13:30:00",18820,13.95,1955.723,1896.511,2054.748,3388.327
"2012-10-09 13:40:00",18821,12.65,1955.656,1896.989,2054.813,3388.549
"2012-10-09 13:50:00",18822,12.56,1955.589,1896.789,2054.607,3388.977
"2012-10-09 14:00:00",18823,13.44,1955.502,1896.77,2054.586,3388.333
"2012-10-09 14:10:00",18824,13.89,1955.631,1896.628,2054.58,3388.254
"2012-10-09 14:20:00",18825,12.71,1955.58,1896.305,2054.598,3387.944
"2012-10-09 14:30:00",18826,12.55,1955.593,1896.589,2054.747,3387.967
"2012-10-09 14:40:00",18827,12.55,1955.326,1896.186,2054.615,3387.973
"2012-10-09 14:50:00",18828,12.67,1955.559,1896.141,2054.861,3388.378
"2012-10-09 15:00:00",18829,12.82,1956.067,1896.37,2055.109,3388.788
"2012-10-09 15:10:00",18830,12.6,1956.318,1896.614,2055.373,3389.222
"2012-10-09 15:20:00",18831,12.63,1956.703,1897.055,2055.778,3389.891
"2012-10-09 15:30:00",18832,12.57,1956.829,1897.109,2055.91,3390.108
"2012-10-09 15:40:00",18833,12.6,1956.87,1897.149,2056.021,3390.179
"2012-10-09 15:50:00",18834,12.5,1956.882,1897.161,2056.034,3390.2
"2012-10-09 16:00:00",18835,12.57,1956.886,1897.164,2055.97,3390.207
"2012-10-09 16:10:00",18836,12.59,1956.887,1897.233,2055.971,3390.208
"2012-10-09 16:20:00",18837,12.55,1956.887,1897.233,2055.971,3390.208
"2012-10-09 16:30:00",18838,12.52,1956.887,1897.301,2056.039,3390.208
"2012-10-09 16:40:00",18839,12.51,1956.887,1897.165,2055.971,3390.208
"2012-10-09 16:50:00",18840,12.45,1956.887,1897.165,2055.971,3390.208
"2012-10-09 17:00:00",18841,12.44,1956.887,1897.165,2055.971,3390.208
"2012-10-09 17:10:00",18842,12.42,1956.887,1897.165,2055.971,3390.208
"2012-10-09 17:20:00",18843,12.44,1956.887,1897.165,2056.039,3390.208
"2012-10-09 17:30:00",18844,12.42,1956.887,1897.165,2056.31,3390.208
"2012-10-09 17:40:00",18845,12.4,1956.887,1897.165,2057.328,3390.208
"2012-10-09 17:50:00",18846,12.39,1956.887,1897.165,2057.328,3390.276
"2012-10-09 18:00:00",18847,12.39,1956.887,1897.165,2057.328,3391.091
"2012-10-09 18:10:00",18848,12.38,1957.43,1897.708,2057.328,3391.498
"2012-10-09 18:20:00",18849,12.38,1958.244,1898.251,2057.328,3391.43
"2012-10-09 18:30:00",18850,12.37,1958.176,1898.183,2057.328,3391.566
"2012-10-09 18:40:00",18851,12.37,1957.905,1897.911,2057.328,3391.566
"2012-10-09 18:50:00",18852,12.36,1958.244,1897.979,2057.328,3391.566
"2012-10-09 19:00:00",18853,12.36,1958.176,1897.369,2057.328,3391.566
"2012-10-09 19:10:00",18854,12.35,1958.244,1897.64,2057.328,3391.566
"2012-10-09 19:20:00",18855,12.35,1958.244,1897.301,2057.328,3391.566
"2012-10-09 19:30:00",18856,12.35,1958.176,1897.233,2057.328,3391.566
"2012-10-09 19:40:00",18857,12.34,1958.244,1897.165,2057.328,3391.566
"2012-10-09 19:50:00",18858,12.34,1958.244,1897.165,2057.328,3391.566
"2012-10-09 20:00:00",18859,12.33,1958.416,1897.331,2057.508,3391.863
"2012-10-09 20:10:00",18860,12.33,1958.018,1897.538,2057.732,3392.233
"2012-10-09 20:20:00",18861,12.33,1957.869,1897.788,2058.004,3392.68
"2012-10-09 20:30:00",18862,12.32,1957.915,1898.096,2058.337,3393.23
"2012-10-09 20:40:00",18863,12.32,1958.074,1898.316,2058.576,3393.623
"2012-10-09 20:50:00",18864,12.31,1958.143,1898.383,2058.648,3393.743
"2012-10-09 21:00:00",18865,12.31,1958.182,1898.421,2058.69,3393.811
"2012-10-09 21:10:00",18866,12.3,1958.206,1898.444,2058.714,3393.852
"2012-10-09 21:20:00",18867,12.3,1958.213,1898.45,2058.722,3393.864
"2012-10-09 21:30:00",18868,12.29,1958.215,1898.453,2058.724,3393.868
"2012-10-09 21:40:00",18869,12.29,1958.215,1898.453,2058.725,3393.869
"2012-10-09 21:50:00",18870,12.28,1958.215,1898.453,2058.725,3393.869
"2012-10-09 22:00:00",18871,12.28,1958.215,1898.453,2058.725,3393.869
"2012-10-09 22:10:00",18872,12.27,1958.215,1898.453,2058.725,3393.869
"2012-10-09 22:20:00",18873,12.27,1958.215,1898.453,2058.725,3393.801
"2012-10-09 22:30:00",18874,12.26,1958.215,1898.453,2058.725,3393.869
"2012-10-09 22:40:00",18875,12.25,1958.215,1898.453,2058.725,3393.665
"2012-10-09 22:50:00",18876,12.25,1958.215,1898.453,2058.725,3393.801
"2012-10-09 23:00:00",18877,12.24,1958.215,1898.453,2058.589,3393.869
"2012-10-09 23:10:00",18878,12.24,1958.215,1898.453,2058.25,3393.733
"2012-10-09 23:20:00",18879,12.23,1958.215,1898.317,2057.706,3393.19
"2012-10-09 23:30:00",18880,12.22,1958.215,1897.774,2057.366,3392.579
"2012-10-09 23:40:00",18881,12.22,1958.215,1897.57,2057.366,3392.51
"2012-10-09 23:50:00",18882,12.21,1958.215,1897.095,2057.366,3392.51
"2012-10-10 00:00:00",18883,12.21,1958.215,1897.095,2057.366,3392.51
"2012-10-10 00:10:00",18884,12.2,1958.215,1897.095,2057.366,3392.51
"2012-10-10 00:20:00",18885,12.2,1958.215,1897.095,2057.366,3392.51
"2012-10-10 00:30:00",18886,12.19,1958.079,1897.095,2057.366,3392.51
"2012-10-10 00:40:00",18887,12.19,1958.215,1897.095,2057.366,3392.51
"2012-10-10 00:50:00",18888,12.19,1958.215,1897.095,2057.366,3392.51
"2012-10-10 01:00:00",18889,12.18,1958.215,1897.095,2057.366,3392.51
"2012-10-10 01:10:00",18890,12.18,1958.215,1897.095,2057.366,3392.51
"2012-10-10 01:20:00",18891,12.18,1958.215,1897.298,2057.366,3393.189
"2012-10-10 01:30:00",18892,12.18,1958.215,1898.114,2057.366,3393.869
"2012-10-10 01:40:00",18893,12.18,1958.215,1898.453,2058.114,3393.869
"2012-10-10 01:50:00",18894,12.18,1958.215,1898.453,2058.725,3393.869
"2012-10-10 02:00:00",18895,12.17,1958.555,1898.453,2058.725,3393.869
"2012-10-10 02:10:00",18896,12.17,1959.302,1898.453,2058.725,3393.869
"2012-10-10 02:20:00",18897,12.17,1959.37,1898.453,2058.725,3393.869
"2012-10-10 02:30:00",18898,12.17,1959.438,1898.453,2058.725,3393.869
"2012-10-10 02:40:00",18899,12.17,1959.438,1898.453,2058.725,3393.869
"2012-10-10 02:50:00",18900,12.17,1959.573,1898.453,2058.725,3393.869
"2012-10-10 03:00:00",18901,12.17,1959.573,1898.453,2058.725,3393.869
"2012-10-10 03:10:00",18902,12.17,1959.573,1898.453,2058.725,3393.869
"2012-10-10 03:20:00",18903,12.16,1959.573,1898.453,2058.725,3393.869
"2012-10-10 03:30:00",18904,12.16,1959.573,1898.453,2058.725,3393.869
"2012-10-10 03:40:00",18905,12.16,1959.573,1898.453,2058.725,3393.869
"2012-10-10 03:50:00",18906,12.16,1959.573,1898.453,2058.725,3393.869
"2012-10-10 04:00:00",18907,12.16,1959.234,1898.453,2058.725,3393.869
"2012-10-10 04:10:00",18908,12.15,1959.438,1898.453,2058.725,3393.869
"2012-10-10 04:20:00",18909,12.15,1959.438,1898.453,2058.725,3393.869
"2012-10-10 04:30:00",18910,12.15,1959.573,1898.453,2058.725,3393.869
"2012-10-10 04:40:00",18911,12.15,1959.506,1898.453,2058.725,3393.869
"2012-10-10 04:50:00",18912,12.15,1959.166,1898.453,2058.725,3393.869
"2012-10-10 05:00:00",18913,12.15,1958.419,1898.453,2058.657,3393.869
"2012-10-10 05:10:00",18914,12.15,1958.273,1898.509,2058.65,3393.969
"2012-10-10 05:20:00",18915,12.15,1958.47,1898.7,2057.77,3394.31
"2012-10-10 05:30:00",18916,12.15,1958.542,1898.77,2057.778,3394.436
"2012-10-10 05:40:00",18917,12.15,1958.638,1898.863,2057.811,3394.602
"2012-10-10 05:50:00",18918,12.15,1958.754,1898.976,2057.933,3394.667
"2012-10-10 06:00:00",18919,12.15,1958.888,1899.037,2058.073,3394.968
"2012-10-10 06:10:00",18920,12.14,1959.012,1898.547,2058.204,3395.251
"2012-10-10 06:20:00",18921,12.14,1959.274,1898.664,2058.478,3395.703
"2012-10-10 06:30:00",18922,12.14,1959.38,1898.971,2058.591,3395.821
"2012-10-10 06:40:00",18923,12.14,1959.208,1899.143,2058.409,3395.589
"2012-10-10 06:50:00",18924,12.16,1958.964,1899.178,2058.153,3394.962
"2012-10-10 07:00:00",18925,12.15,1958.829,1899.048,2058.079,3394.932
"2012-10-10 07:10:00",18926,12.21,1958.577,1898.804,2057.815,3394.496
"2012-10-10 07:20:00",18927,12.26,1958.343,1898.577,2058.791,3394.09
"2012-10-10 07:30:00",18928,12.27,1958.661,1898.49,2058.765,3393.935
"2012-10-10 07:40:00",18929,12.42,1959.585,1899.007,2058.737,3393.889
"2012-10-10 07:50:00",18930,12.5,1959.442,1899.272,2058.729,3393.875
"2012-10-10 08:00:00",18931,12.46,1959.507,1898.658,2058.726,3393.871
"2012-10-10 08:10:00",18932,12.41,1959.075,1898.573,2058.486,3393.476
"2012-10-10 08:20:00",18933,12.34,1958.358,1897.736,2057.947,3392.654
"2012-10-10 08:30:00",18934,12.3,1957.697,1897.358,2057.402,3391.911
"2012-10-10 08:40:00",18935,12.28,1957.355,1897.089,2056.781,3391.671
"2012-10-10 08:50:00",18936,12.28,1957.856,1897.183,2056.805,3391.598
"2012-10-10 09:00:00",18937,12.28,1957.029,1897.171,2057.334,3391.577
"2012-10-10 09:10:00",18938,12.27,1956.821,1897.099,2056.652,3391.366
"2012-10-10 09:20:00",18939,12.29,1955.728,1896.488,2056.023,3391.068
"2012-10-10 09:30:00",18940,12.34,1955.018,1895.995,2055.494,3390.036
"2012-10-10 09:40:00",18941,12.35,1954.455,1895.987,2054.841,3388.344
"2012-10-10 09:50:00",18942,12.37,1954.007,1895.477,2054.655,3388.039
"2012-10-10 10:00:00",18943,12.41,1954.226,1895.155,2054.6,3386.796
"2012-10-10 10:10:00",18944,12.45,1954.211,1894.733,2054.517,3386.77
"2012-10-10 10:20:00",18945,12.48,1954.071,1894.525,2054.037,3387.168
"2012-10-10 10:30:00",18946,12.58,1953.934,1894.524,2054.307,3386.555
"2012-10-10 10:40:00",18947,12.69,1954.069,1894.523,2054.578,3386.555
"2012-10-10 10:50:00",18948,12.78,1952.984,1894.523,2054.578,3386.555
"2012-10-10 11:00:00",18949,12.79,1952.842,1894.517,2054.571,3386.543
"2012-10-10 11:10:00",18950,12.73,1952.587,1894.204,2054.231,3386.052
"2012-10-10 11:20:00",18951,12.74,1952.036,1893.802,2053.795,3386.078
"2012-10-10 11:30:00",18952,12.78,1951.6,1893.444,2053.407,3385.439
"2012-10-10 11:40:00",18953,12.85,1950.773,1893.164,2053.25,3384.434
"2012-10-10 11:50:00",18954,12.9,1951.002,1893.258,2053.206,3384.021
"2012-10-10 12:00:00",18955,13.19,1950.312,1893.246,2052.921,3382.915
"2012-10-10 12:10:00",18956,13.83,1950.375,1893.242,2053.12,3383.043
"2012-10-10 12:20:00",18957,14.73,1950.171,1892.292,2052.576,3382.973
"2012-10-10 12:30:00",18958,13.98,1950.17,1892.969,2051.966,3382.906
"2012-10-10 12:40:00",18959,14.61,1950.17,1893.173,2052.034,3381.889
"2012-10-10 12:50:00",18960,14.31,1950.17,1892.292,2051.831,3381.482
"2012-10-10 13:00:00",18961,14.6,1949.967,1892.021,2051.831,3381.279
"2012-10-10 13:10:00",18962,14.48,1949.764,1892.359,2051.831,3380.33
"2012-10-10 13:20:00",18963,14.46,1949.967,1892.563,2051.966,3380.195
"2012-10-10 13:30:00",18964,13.91,1949.831,1892.359,2052.102,3379.991
"2012-10-10 13:40:00",18965,14.05,1949.696,1891.885,2051.966,3379.11
"2012-10-10 13:50:00",18966,13.26,1949.764,1891.885,2051.898,3379.584
"2012-10-10 14:00:00",18967,14.48,1949.899,1891.885,2051.898,3379.313
"2012-10-10 14:10:00",18968,14.27,1949.696,1891.885,2051.898,3378.907
"2012-10-10 14:20:00",18969,14.31,1949.493,1891.072,2052.78,3378.839
"2012-10-10 14:30:00",18970,14.35,1949.628,1891.411,2053.118,3378.839
"2012-10-10 14:40:00",18971,12.74,1949.221,1891.343,2053.118,3378.839
"2012-10-10 14:50:00",18972,12.88,1948.815,1890.936,2053.186,3378.839
"2012-10-10 15:00:00",18973,12.78,1949.154,1890.868,2052.983,3378.704
"2012-10-10 15:10:00",18974,12.69,1949.018,1890.597,2052.034,3377.822
"2012-10-10 15:20:00",18975,12.66,1949.899,1890.868,2051.831,3377.484
"2012-10-10 15:30:00",18976,12.72,1949.764,1891.207,2051.831,3377.484
"2012-10-10 15:40:00",18977,12.64,1950.035,1891.817,2051.831,3377.551
"2012-10-10 15:50:00",18978,12.65,1950.17,1891.885,2051.831,3377.484
"2012-10-10 16:00:00",18979,12.68,1950.271,1891.982,2051.937,3377.658
"2012-10-10 16:10:00",18980,12.6,1950.581,1892.283,2052.263,3378.195
"2012-10-10 16:20:00",18981,12.54,1950.795,1892.491,2052.488,3378.566
"2012-10-10 16:30:00",18982,12.5,1951.199,1892.882,2052.913,3379.265
"2012-10-10 16:40:00",18983,12.49,1951.4,1893.078,2053.125,3379.139
"2012-10-10 16:50:00",18984,12.48,1951.465,1893.141,2053.193,3378.437
"2012-10-10 17:00:00",18985,12.47,1951.484,1893.023,2053.212,3378.47
"2012-10-10 17:10:00",18986,12.47,1951.489,1892.35,2053.218,3378.547
"2012-10-10 17:20:00",18987,12.46,1951.491,1892.013,2053.22,3378.618
"2012-10-10 17:30:00",18988,12.45,1951.491,1892.081,2053.221,3379.704
"2012-10-10 17:40:00",18989,12.45,1951.572,1893.179,2053.235,3379.794
"2012-10-10 17:50:00",18990,12.44,1952.497,1893.353,2054.169,3380.104
"2012-10-10 18:00:00",18991,12.44,1952.896,1893.542,2054.917,3380.442
"2012-10-10 18:10:00",18992,12.43,1953.574,1893.936,2055.413,3381.146
"2012-10-10 18:20:00",18993,12.43,1953.996,1894.28,2055.785,3381.759
"2012-10-10 18:30:00",18994,12.42,1954.118,1894.398,2055.914,3381.971
"2012-10-10 18:40:00",18995,12.42,1954.157,1894.436,2055.955,3382.785
"2012-10-10 18:50:00",18996,12.42,1954.168,1894.447,2055.966,3383.211
"2012-10-10 19:00:00",18997,12.41,1954.578,1895.332,2055.97,3383.42
"2012-10-10 19:10:00",18998,12.41,1955.326,1895.74,2055.971,3383.422
"2012-10-10 19:20:00",18999,12.41,1955.53,1895.808,2055.971,3383.422
"2012-10-10 19:30:00",19000,12.41,1955.53,1895.808,2055.971,3383.422
"2012-10-10 19:40:00",19001,12.4,1955.53,1895.808,2056.853,3383.625
"2012-10-10 19:50:00",19002,12.4,1955.53,1895.808,2057.328,3384.643
"2012-10-10 20:00:00",19003,12.4,1955.665,1895.808,2057.328,3384.779
"2012-10-10 20:10:00",19004,12.4,1956.751,1895.808,2057.328,3384.779
"2012-10-10 20:20:00",19005,12.39,1956.887,1895.808,2057.328,3385.865
"2012-10-10 20:30:00",19006,12.39,1956.887,1895.876,2057.328,3386.137
"2012-10-10 20:40:00",19007,12.39,1956.887,1896.622,2057.531,3386.069
"2012-10-10 20:50:00",19008,12.39,1956.887,1897.165,2058.414,3386.137
"2012-10-10 21:00:00",19009,12.38,1957.43,1897.165,2058.685,3386.137
"2012-10-10 21:10:00",19010,12.38,1958.108,1897.165,2058.685,3386.137
"2012-10-10 21:20:00",19011,12.38,1957.973,1897.165,2058.685,3386.137
