"TOA5","Kanga_Sap03A","CR1000","33596","CR1000.Std.19","CPU:UTS_SAP02_3A_Dendro24hrMinMaxHMP45.cr1","46354","DendroTenMinOutput"
"TIMESTAMP","RECORD","Batt_Volt_Avg","Dendro_Avg(1)","Dendro_Avg(2)","Dendro_Avg(3)","Dendro_Avg(4)"
"TS","RN","Volts","mV","mV","mV","mV"
"","","Avg","Avg","Avg","Avg","Avg"
"2012-10-16 09:30:00",19831,13.62,1172.953,1402.694,1316.541,2923.362
"2012-10-16 09:40:00",19832,13.83,1172.864,1402.588,1316.442,2923.14
"2012-10-16 09:50:00",19833,13.8,1172.674,1402.36,1316.228,2922.666
"2012-10-16 10:00:00",19834,13.81,1172.599,1402.408,1316.144,2922.479
"2012-10-16 10:10:00",19835,13.62,1172.576,1402.585,1316.118,2922.284
"2012-10-16 10:20:00",19836,13.42,1172.568,1402.371,1316.109,2922.402
"2012-10-16 10:30:00",19837,13.58,1172.566,1402.232,1316.107,2922.397
"2012-10-16 10:40:00",19838,13.37,1172.566,1402.367,1316.106,2922.395
"2012-10-16 10:50:00",19839,13.73,1172.566,1402.777,1316.516,2922.327
"2012-10-16 11:00:00",19840,13.84,1172.566,1403.051,1316.585,2922.258
"2012-10-16 11:10:00",19841,13.81,1172.551,1402.555,1316.637,2922.359
"2012-10-16 11:20:00",19842,13.62,1172.523,1402.59,1317.289,2922.29
"2012-10-16 11:30:00",19843,13.64,1172.402,1402.992,1316.675,2921.851
"2012-10-16 11:40:00",19844,13.64,1172.257,1402.476,1315.896,2921.625
"2012-10-16 11:50:00",19845,13.59,1172.193,1401.785,1316.372,2921.398
"2012-10-16 12:00:00",19846,13.88,1172.174,1402.24,1317.033,2921.418
"2012-10-16 12:10:00",19847,13.78,1172.168,1402.438,1316.889,2921.334
"2012-10-16 12:20:00",19848,13.88,1172.166,1401.753,1316.614,2921.399
"2012-10-16 12:30:00",19849,13.57,1172.166,1401.616,1316.409,2921.329
"2012-10-16 12:40:00",19850,13.83,1172.166,1402.026,1316.409,2921.329
"2012-10-16 12:50:00",19851,13.81,1172.166,1401.821,1316.887,2921.398
"2012-10-16 13:00:00",19852,13.9,1172.166,1401.752,1316.546,2921.329
"2012-10-16 13:10:00",19853,13.71,1172.166,1401.821,1316.751,2921.466
"2012-10-16 13:20:00",19854,13.76,1172.166,1402.982,1317.024,2921.398
"2012-10-16 13:30:00",19855,13.61,1172.166,1402.231,1316.751,2921.398
"2012-10-16 13:40:00",19856,13.67,1172.166,1401.752,1316.887,2921.398
"2012-10-16 13:50:00",19857,14,1172.166,1402.162,1316.956,2921.329
"2012-10-16 14:00:00",19858,13.79,1172.166,1403.051,1316.819,2921.398
"2012-10-16 14:10:00",19859,13.59,1172.166,1402.709,1316.887,2921.466
"2012-10-16 14:20:00",19860,13.77,1172.166,1402.777,1317.571,2921.398
"2012-10-16 14:30:00",19861,13.76,1172.439,1403.119,1317.229,2921.398
"2012-10-16 14:40:00",19862,13.69,1173.464,1402.914,1317.024,2921.398
"2012-10-16 14:50:00",19863,13.74,1173.532,1402.231,1317.092,2921.534
"2012-10-16 15:00:00",19864,13.64,1173.532,1403.119,1317.092,2921.876
"2012-10-16 15:10:00",19865,13.72,1173.532,1403.119,1317.161,2921.466
"2012-10-16 15:20:00",19866,13.71,1173.532,1403.119,1317.502,2921.398
"2012-10-16 15:30:00",19867,13.32,1173.532,1403.119,1317.776,2921.739
"2012-10-16 15:40:00",19868,13.2,1173.532,1403.119,1318.254,2922.149
"2012-10-16 15:50:00",19869,13.18,1173.532,1403.119,1318.39,2922.628
"2012-10-16 16:00:00",19870,13.2,1173.532,1403.119,1318.185,2922.764
"2012-10-16 16:10:00",19871,13.23,1173.532,1403.119,1318.254,2922.764
"2012-10-16 16:20:00",19872,13.18,1173.532,1403.392,1318.39,2922.764
"2012-10-16 16:30:00",19873,13.04,1173.532,1403.529,1318.39,2922.764
"2012-10-16 16:40:00",19874,12.95,1173.532,1403.119,1318.39,2922.764
"2012-10-16 16:50:00",19875,12.9,1173.532,1403.666,1318.39,2922.764
"2012-10-16 17:00:00",19876,12.86,1173.532,1404.349,1318.39,2922.764
"2012-10-16 17:10:00",19877,12.77,1173.532,1404.485,1318.39,2922.764
"2012-10-16 17:20:00",19878,12.7,1173.532,1404.485,1318.39,2922.901
"2012-10-16 17:30:00",19879,12.69,1173.532,1404.485,1318.39,2922.764
"2012-10-16 17:40:00",19880,12.71,1173.682,1404.665,1318.559,2923.274
"2012-10-16 17:50:00",19881,12.68,1173.916,1404.864,1318.745,2923.62
"2012-10-16 18:00:00",19882,12.64,1175.138,1404.935,1318.88,2924.178
"2012-10-16 18:10:00",19883,12.63,1175.292,1405.707,1319.31,2925.041
"2012-10-16 18:20:00",19884,12.62,1175.345,1406.25,1320.19,2925.243
"2012-10-16 18:30:00",19885,12.62,1175.536,1406.615,1320.473,2925.718
"2012-10-16 18:40:00",19886,12.62,1175.984,1406.741,1320.592,2925.981
"2012-10-16 18:50:00",19887,12.62,1176.708,1406.79,1320.638,2926.494
"2012-10-16 19:00:00",19888,12.61,1177.063,1406.805,1320.652,2927.482
"2012-10-16 19:10:00",19889,12.61,1177.067,1406.81,1320.656,2927.492
"2012-10-16 19:20:00",19890,12.6,1177.068,1406.811,1320.658,2927.495
"2012-10-16 19:30:00",19891,12.6,1177.068,1406.812,1320.658,2927.495
"2012-10-16 19:40:00",19892,12.6,1177.068,1406.812,1320.658,2927.495
"2012-10-16 19:50:00",19893,12.6,1177.068,1406.812,1320.658,2927.495
"2012-10-16 20:00:00",19894,12.59,1177.068,1406.812,1320.658,2927.495
"2012-10-16 20:10:00",19895,12.59,1177.068,1406.812,1320.658,2927.837
"2012-10-16 20:20:00",19896,12.59,1177.068,1406.812,1320.658,2928.863
"2012-10-16 20:30:00",19897,12.59,1177.068,1406.812,1320.658,2928.863
"2012-10-16 20:40:00",19898,12.58,1177.068,1406.812,1320.658,2928.863
"2012-10-16 20:50:00",19899,12.58,1177.068,1406.812,1320.658,2928.863
"2012-10-16 21:00:00",19900,12.58,1177.068,1406.812,1320.658,2928.863
"2012-10-16 21:10:00",19901,12.58,1177.478,1407.495,1321,2929.751
"2012-10-16 21:20:00",19902,12.57,1178.436,1408.179,1321.752,2930.162
"2012-10-16 21:30:00",19903,12.57,1178.436,1408.179,1321.957,2930.23
"2012-10-16 21:40:00",19904,12.57,1178.436,1408.179,1322.025,2930.23
"2012-10-16 21:50:00",19905,12.57,1178.436,1408.179,1322.025,2930.23
"2012-10-16 22:00:00",19906,12.57,1178.436,1408.179,1322.025,2930.23
"2012-10-16 22:10:00",19907,12.57,1178.436,1408.179,1322.025,2930.23
"2012-10-16 22:20:00",19908,12.56,1178.367,1408.179,1322.025,2930.23
"2012-10-16 22:30:00",19909,12.56,1177.615,1408.179,1322.025,2930.23
"2012-10-16 22:40:00",19910,12.56,1177.068,1408.179,1321.547,2930.23
"2012-10-16 22:50:00",19911,12.56,1177.068,1408.179,1320.726,2930.23
"2012-10-16 23:00:00",19912,12.55,1177.079,1407.646,1320.739,2930.258
"2012-10-16 23:10:00",19913,12.55,1177.232,1407.145,1320.842,2930.639
"2012-10-16 23:20:00",19914,12.54,1177.385,1407.19,1321.013,2931.018
"2012-10-16 23:30:00",19915,12.54,1177.444,1407.261,1321.08,2931.167
"2012-10-16 23:40:00",19916,12.54,1177.463,1407.283,1321.101,2931.213
"2012-10-16 23:50:00",19917,12.54,1177.468,1407.29,1321.107,2931.227
"2012-10-17 00:00:00",19918,12.53,1177.47,1407.292,1321.109,2931.231
"2012-10-17 00:10:00",19919,12.53,1177.47,1407.293,1321.109,2931.232
"2012-10-17 00:20:00",19920,12.52,1177.47,1407.293,1321.109,2931.301
"2012-10-17 00:30:00",19921,12.52,1177.47,1407.293,1321.109,2931.233
"2012-10-17 00:40:00",19922,12.52,1177.47,1407.293,1321.109,2931.233
"2012-10-17 00:50:00",19923,12.52,1177.47,1407.293,1321.109,2931.233
"2012-10-17 01:00:00",19924,12.51,1177.47,1407.293,1321.109,2931.233
"2012-10-17 01:10:00",19925,12.51,1177.47,1407.293,1321.109,2931.233
"2012-10-17 01:20:00",19926,12.5,1177.47,1407.293,1321.109,2931.233
"2012-10-17 01:30:00",19927,12.5,1177.492,1407.319,1321.134,2931.287
"2012-10-17 01:40:00",19928,12.5,1177.482,1407.307,1321.122,2931.261
"2012-10-17 01:50:00",19929,12.5,1177.474,1407.297,1321.114,2931.242
"2012-10-17 02:00:00",19930,12.49,1177.483,1407.308,1321.123,2931.264
"2012-10-17 02:10:00",19931,12.49,1177.488,1407.314,1321.129,2931.277
"2012-10-17 02:20:00",19932,12.48,1177.504,1407.333,1321.147,2931.385
"2012-10-17 02:30:00",19933,12.48,1177.528,1407.361,1321.174,2931.444
"2012-10-17 02:40:00",19934,12.48,1177.52,1407.351,1321.164,2931.491
"2012-10-17 02:50:00",19935,12.47,1177.524,1407.357,1321.17,2932.666
"2012-10-17 03:00:00",19936,12.47,1177.503,1407.331,1322.171,2932.68
"2012-10-17 03:10:00",19937,12.47,1178.369,1407.304,1322.488,2933.24
"2012-10-17 03:20:00",19938,12.47,1178.705,1407.296,1322.481,2933.976
"2012-10-17 03:30:00",19939,12.47,1178.771,1407.294,1322.479,2933.971
"2012-10-17 03:40:00",19940,12.46,1178.771,1407.293,1322.478,2933.969
"2012-10-17 03:50:00",19941,12.46,1177.95,1407.293,1322.478,2933.969
"2012-10-17 04:00:00",19942,12.45,1177.588,1407.27,1322.456,2933.92
"2012-10-17 04:10:00",19943,12.45,1177.594,1407.277,1322.463,2933.936
"2012-10-17 04:20:00",19944,12.45,1177.467,1407.288,1322.473,2933.959
"2012-10-17 04:30:00",19945,12.45,1177.469,1407.292,1322.476,2933.966
"2012-10-17 04:40:00",19946,12.45,1177.448,1407.266,1322.452,2933.913
"2012-10-17 04:50:00",19947,12.45,1177.461,1407.144,1322.33,2934.286
"2012-10-17 05:00:00",19948,12.44,1177.468,1407.289,1322.474,2934.098
"2012-10-17 05:10:00",19949,12.44,1177.47,1407.292,1322.477,2934.583
"2012-10-17 05:20:00",19950,12.44,1177.539,1407.293,1322.477,2934.242
"2012-10-17 05:30:00",19951,12.44,1177.47,1407.293,1322.683,2934.31
"2012-10-17 05:40:00",19952,12.45,1177.47,1407.156,1322.341,2934.105
"2012-10-17 05:50:00",19953,12.47,1177.47,1407.293,1322.477,2933.968
"2012-10-17 06:00:00",19954,12.48,1177.47,1407.088,1322.477,2933.968
"2012-10-17 06:10:00",19955,12.51,1177.47,1406.814,1322.272,2933.9
"2012-10-17 06:20:00",19956,12.53,1177.47,1405.925,1322.477,2933.9
"2012-10-17 06:30:00",19957,12.57,1177.47,1405.788,1322.067,2933.148
"2012-10-17 06:40:00",19958,12.61,1177.47,1405.514,1321.52,2932.737
"2012-10-17 06:50:00",19959,12.66,1177.47,1404.625,1321.041,2932.122
"2012-10-17 07:00:00",19960,12.83,1177.47,1404.557,1322.067,2932.122
"2012-10-17 07:10:00",19961,12.8,1177.47,1404.557,1322.204,2931.506
"2012-10-17 07:20:00",19962,12.85,1177.47,1404.557,1322.477,2931.575
"2012-10-17 07:30:00",19963,12.88,1177.096,1404.518,1322.441,2931.357
"2012-10-17 07:40:00",19964,13,1176.821,1404.353,1322.286,2930.808
"2012-10-17 07:50:00",19965,13,1177.095,1404.191,1322.133,2930.537
"2012-10-17 08:00:00",19966,13.11,1175.729,1404.11,1322.057,2931.327
"2012-10-17 08:10:00",19967,13.12,1175.71,1403.267,1321.625,2931.005
"2012-10-17 08:20:00",19968,13.32,1175.703,1402.713,1322.029,2930.99
"2012-10-17 08:30:00",19969,13.9,1175.702,1402.71,1322.026,2931.122
"2012-10-17 08:40:00",19970,13.59,1175.701,1402.71,1321.752,2930.915
"2012-10-17 08:50:00",19971,13.66,1175.633,1403.052,1321.069,2930.3
"2012-10-17 09:00:00",19972,13.85,1175.564,1403.599,1321.479,2930.71
"2012-10-17 09:10:00",19973,13.77,1175.496,1404.009,1321.889,2931.394
"2012-10-17 09:20:00",19974,13.7,1175.684,1404.057,1322.007,2931.556
"2012-10-17 09:30:00",19975,13.76,1175.656,1404.024,1321.907,2932.24
"2012-10-17 09:40:00",19976,13.72,1175.664,1404.032,1321.984,2932.326
"2012-10-17 09:50:00",19977,13.87,1175.621,1404.063,1322.15,2932.527
"2012-10-17 10:00:00",19978,13.82,1175.689,1403.926,1322.013,2932.048
"2012-10-17 10:10:00",19979,13.33,1175.563,1403.912,1321.871,2931.596
"2012-10-17 10:20:00",19980,13.78,1175.387,1403.634,1321.672,2932.114
"2012-10-17 10:30:00",19981,13.71,1175.327,1403.63,1321.605,2932.032
"2012-10-17 10:40:00",19982,13.64,1175.308,1403.607,1321.584,2931.916
"2012-10-17 10:50:00",19983,13.77,1175.302,1403.737,1321.645,2931.902
"2012-10-17 11:00:00",19984,13.68,1175.3,1403.735,1321.643,2931.966
"2012-10-17 11:10:00",19985,13.56,1175.283,1404.808,1321.965,2931.854
"2012-10-17 11:20:00",19986,13.75,1175.148,1404.715,1321.609,2931.586
"2012-10-17 11:30:00",19987,13.84,1175.114,1404.579,1321.212,2931.16
"2012-10-17 11:40:00",19988,13.56,1176.153,1404.446,1321.151,2931.093
"2012-10-17 11:50:00",19989,13.71,1176.068,1404.426,1321.132,2931.05
"2012-10-17 12:00:00",19990,13.3,1175.447,1404.488,1321.126,2931.242
"2012-10-17 12:10:00",19991,13.53,1174.899,1404.486,1321.124,2931.033
"2012-10-17 12:20:00",19992,13.42,1174.899,1404.485,1321.124,2931.032
"2012-10-17 12:30:00",19993,13.79,1174.978,1404.58,1321.212,2931.16
"2012-10-17 12:40:00",19994,13.72,1175.111,1404.889,1321.439,2931.663
"2012-10-17 12:50:00",19995,13.52,1175.194,1404.92,1321.532,2931.939
"2012-10-17 13:00:00",19996,13.59,1175.288,1404.951,1321.561,2931.867
"2012-10-17 13:10:00",19997,13.69,1175.296,1404.961,1321.502,2931.956
"2012-10-17 13:20:00",19998,13.68,1175.298,1404.963,1321.505,2931.961
"2012-10-17 13:30:00",19999,13.7,1175.299,1404.964,1321.574,2931.963
"2012-10-17 13:40:00",20000,13.73,1175.299,1404.964,1321.574,2931.963
"2012-10-17 13:50:00",20001,13.61,1175.299,1404.964,1321.506,2932.032
"2012-10-17 14:00:00",20002,13.77,1175.288,1404.951,1321.561,2932.004
"2012-10-17 14:10:00",20003,13.75,1175.207,1404.854,1321.471,2931.871
"2012-10-17 14:20:00",20004,13.53,1175.127,1404.759,1321.312,2931.739
"2012-10-17 14:30:00",20005,13.71,1175.179,1404.82,1321.439,2931.731
"2012-10-17 14:40:00",20006,13.57,1175.262,1404.92,1321.464,2931.871
"2012-10-17 14:50:00",20007,13.61,1175.288,1404.951,1321.562,2931.936
"2012-10-17 15:00:00",20008,13.54,1175.433,1404.961,1321.571,2931.956
"2012-10-17 15:10:00",20009,13.67,1175.777,1404.963,1321.573,2931.961
"2012-10-17 15:20:00",20010,13.54,1175.983,1404.964,1321.574,2931.963
"2012-10-17 15:30:00",20011,13.27,1176.324,1404.964,1321.574,2931.963
"2012-10-17 15:40:00",20012,13.19,1176.12,1404.964,1321.574,2931.963
"2012-10-17 15:50:00",20013,13.13,1175.371,1405.05,1321.655,2932.279
"2012-10-17 16:00:00",20014,13.33,1175.543,1405.256,1321.849,2933.325
"2012-10-17 16:10:00",20015,13.24,1175.65,1405.384,1321.969,2934.207
"2012-10-17 16:20:00",20016,13.11,1175.685,1405.426,1322.008,2934.294
"2012-10-17 16:30:00",20017,13,1175.696,1405.439,1322.02,2934.322
"2012-10-17 16:40:00",20018,12.94,1175.699,1405.443,1322.024,2934.33
"2012-10-17 16:50:00",20019,12.87,1175.7,1405.444,1322.025,2934.332
"2012-10-17 17:00:00",20020,12.81,1175.701,1405.444,1322.025,2934.333
"2012-10-17 17:10:00",20021,12.78,1175.701,1405.444,1322.025,2934.333
"2012-10-17 17:20:00",20022,12.75,1175.701,1405.444,1322.025,2934.333
"2012-10-17 17:30:00",20023,12.73,1175.701,1405.444,1322.025,2934.333
"2012-10-17 17:40:00",20024,12.68,1175.701,1405.854,1322.025,2934.333
"2012-10-17 17:50:00",20025,12.67,1175.742,1406.587,1322.072,2934.435
"2012-10-17 18:00:00",20026,12.62,1175.93,1406.812,1322.283,2934.973
"2012-10-17 18:10:00",20027,12.6,1176.048,1407.022,1322.416,2935.816
"2012-10-17 18:20:00",20028,12.6,1176.086,1407.205,1322.459,2936.664
"2012-10-17 18:30:00",20029,12.59,1176.303,1407.15,1322.472,2936.625
"2012-10-17 18:40:00",20030,12.59,1177.401,1407.291,1322.613,2936.701
"2012-10-17 18:50:00",20031,12.59,1177.47,1407.292,1322.546,2936.704
"2012-10-17 19:00:00",20032,12.58,1177.47,1407.293,1322.683,2936.705
"2012-10-17 19:10:00",20033,12.58,1177.47,1407.293,1322.614,2936.705
"2012-10-17 19:20:00",20034,12.58,1177.47,1407.293,1322.888,2936.705
"2012-10-17 19:30:00",20035,12.57,1177.47,1407.293,1323.503,2936.705
"2012-10-17 19:40:00",20036,12.57,1177.47,1407.293,1323.709,2936.773
"2012-10-17 19:50:00",20037,12.57,1177.47,1407.293,1323.845,2936.705
"2012-10-17 20:00:00",20038,12.57,1177.47,1407.293,1323.845,2936.705
"2012-10-17 20:10:00",20039,12.56,1177.47,1407.293,1323.845,2937.252
"2012-10-17 20:20:00",20040,12.56,1177.47,1407.293,1323.845,2938.073
"2012-10-17 20:30:00",20041,12.56,1177.47,1407.293,1323.845,2938.073
"2012-10-17 20:40:00",20042,12.56,1177.47,1407.293,1323.845,2938.073
"2012-10-17 20:50:00",20043,12.56,1177.47,1407.293,1323.845,2938.073
"2012-10-17 21:00:00",20044,12.55,1177.47,1407.293,1323.845,2938.209
"2012-10-17 21:10:00",20045,12.55,1177.47,1407.293,1323.845,2938.893
"2012-10-17 21:20:00",20046,12.55,1177.47,1407.293,1323.845,2939.44
"2012-10-17 21:30:00",20047,12.54,1177.47,1407.293,1323.845,2939.44
"2012-10-17 21:40:00",20048,12.54,1177.47,1407.293,1323.845,2939.44
"2012-10-17 21:50:00",20049,12.54,1177.47,1407.293,1323.845,2939.44
"2012-10-17 22:00:00",20050,12.54,1177.47,1407.293,1323.845,2939.44
"2012-10-17 22:10:00",20051,12.54,1177.47,1407.293,1323.845,2939.44
"2012-10-17 22:20:00",20052,12.53,1177.539,1407.293,1323.845,2939.44
"2012-10-17 22:30:00",20053,12.53,1177.676,1407.293,1323.914,2939.44
"2012-10-17 22:40:00",20054,12.53,1177.607,1407.293,1323.845,2939.44
"2012-10-17 22:50:00",20055,12.53,1178.086,1407.293,1323.914,2939.919
"2012-10-17 23:00:00",20056,12.53,1178.36,1407.293,1324.529,2940.809
"2012-10-17 23:10:00",20057,12.52,1178.633,1407.293,1325.213,2940.809
"2012-10-17 23:20:00",20058,12.52,1178.839,1407.293,1325.213,2940.809
"2012-10-17 23:30:00",20059,12.52,1178.839,1407.293,1325.213,2940.809
"2012-10-17 23:40:00",20060,12.52,1178.839,1407.293,1325.213,2940.809
"2012-10-17 23:50:00",20061,12.52,1178.839,1407.293,1325.213,2940.945
"2012-10-18 00:00:00",20062,12.51,1178.839,1407.293,1325.213,2942.04
"2012-10-18 00:10:00",20063,12.51,1178.839,1407.293,1325.213,2942.176
"2012-10-18 00:20:00",20064,12.51,1178.839,1407.293,1325.213,2942.176
"2012-10-18 00:30:00",20065,12.51,1178.839,1407.293,1325.213,2942.176
"2012-10-18 00:40:00",20066,12.5,1178.839,1407.293,1325.213,2942.176
"2012-10-18 00:50:00",20067,12.5,1178.839,1407.293,1325.213,2942.176
"2012-10-18 01:00:00",20068,12.5,1178.839,1407.293,1325.213,2942.176
"2012-10-18 01:10:00",20069,12.5,1178.839,1407.293,1325.213,2942.176
"2012-10-18 01:20:00",20070,12.49,1178.839,1407.293,1325.213,2942.176
"2012-10-18 01:30:00",20071,12.49,1178.839,1407.361,1325.213,2942.176
"2012-10-18 01:40:00",20072,12.49,1178.839,1407.635,1325.213,2942.176
"2012-10-18 01:50:00",20073,12.49,1178.839,1408.25,1325.213,2942.176
"2012-10-18 02:00:00",20074,12.48,1178.839,1408.661,1325.213,2942.245
"2012-10-18 02:10:00",20075,12.48,1178.839,1408.661,1325.213,2942.792
"2012-10-18 02:20:00",20076,12.48,1178.839,1408.661,1325.213,2943.544
"2012-10-18 02:30:00",20077,12.48,1178.839,1408.661,1325.213,2943.544
"2012-10-18 02:40:00",20078,12.47,1178.839,1408.661,1325.213,2943.544
"2012-10-18 02:50:00",20079,12.47,1178.839,1408.661,1325.213,2943.544
"2012-10-18 03:00:00",20080,12.47,1178.839,1408.661,1325.213,2943.544
"2012-10-18 03:10:00",20081,12.46,1178.839,1408.661,1325.213,2943.544
"2012-10-18 03:20:00",20082,12.46,1178.839,1408.661,1325.213,2943.613
"2012-10-18 03:30:00",20083,12.46,1178.839,1408.661,1325.213,2943.544
"2012-10-18 03:40:00",20084,12.46,1178.839,1408.661,1325.213,2943.544
"2012-10-18 03:50:00",20085,12.45,1178.839,1408.661,1325.213,2944.16
"2012-10-18 04:00:00",20086,12.45,1178.839,1408.661,1325.213,2944.434
"2012-10-18 04:10:00",20087,12.45,1178.839,1408.661,1325.213,2944.57
"2012-10-18 04:20:00",20088,12.44,1178.839,1408.661,1325.213,2944.639
"2012-10-18 04:30:00",20089,12.44,1178.839,1408.661,1325.213,2944.775
"2012-10-18 04:40:00",20090,12.43,1178.839,1408.661,1325.213,2944.912
"2012-10-18 04:50:00",20091,12.43,1178.839,1408.661,1325.213,2944.912
"2012-10-18 05:00:00",20092,12.42,1178.839,1408.661,1325.213,2944.912
"2012-10-18 05:10:00",20093,12.42,1178.839,1408.661,1325.213,2944.912
"2012-10-18 05:20:00",20094,12.42,1178.839,1408.661,1325.213,2944.912
"2012-10-18 05:30:00",20095,12.43,1178.839,1408.661,1325.419,2944.912
"2012-10-18 05:40:00",20096,12.42,1178.839,1408.661,1326.103,2944.912
"2012-10-18 05:50:00",20097,12.46,1178.839,1408.661,1326.581,2944.912
"2012-10-18 06:00:00",20098,12.46,1178.839,1408.661,1326.581,2944.981
"2012-10-18 06:10:00",20099,12.47,1178.839,1408.661,1326.581,2945.118
"2012-10-18 06:20:00",20100,12.52,1179.317,1408.661,1326.581,2945.459
"2012-10-18 06:30:00",20101,12.54,1179.386,1409.276,1326.581,2945.802
"2012-10-18 06:40:00",20102,12.58,1179.454,1409.618,1326.581,2946.075
"2012-10-18 06:50:00",20103,12.61,1179.523,1409.96,1326.581,2946.281
"2012-10-18 07:00:00",20104,12.58,1179.659,1410.029,1326.581,2946.281
"2012-10-18 07:10:00",20105,12.74,1179.796,1410.029,1326.581,2946.281
"2012-10-18 07:20:00",20106,12.92,1180.207,1410.029,1326.581,2946.281
"2012-10-18 07:30:00",20107,13.05,1180.207,1410.029,1326.581,2946.281
"2012-10-18 07:40:00",20108,13.08,1180.207,1409.823,1326.581,2946.281
"2012-10-18 07:50:00",20109,13.17,1180.207,1408.729,1326.581,2946.281
"2012-10-18 08:00:00",20110,13.21,1180.207,1408.661,1326.581,2946.281
"2012-10-18 08:10:00",20111,13.17,1180.184,1408.634,1326.556,2946.223
"2012-10-18 08:20:00",20112,13.46,1180.197,1408.649,1326.16,2946.256
"2012-10-18 08:30:00",20113,13.72,1180.091,1408.181,1326.383,2945.923
"2012-10-18 08:40:00",20114,13.47,1179.927,1406.959,1325.993,2945.581
"2012-10-18 08:50:00",20115,13.66,1179.568,1406.857,1325.418,2945.367
"2012-10-18 09:00:00",20116,13.54,1178.652,1406.825,1324.978,2945.233
"2012-10-18 09:10:00",20117,13.57,1178.439,1406.816,1324.765,2945.145
"2012-10-18 09:20:00",20118,13.77,1178.437,1406.813,1324.762,2944.319
"2012-10-18 09:30:00",20119,13.71,1178.368,1405.787,1324.761,2943.907
"2012-10-18 09:40:00",20120,13.72,1177.069,1405.445,1324.761,2943.906
"2012-10-18 09:50:00",20121,13.8,1177.069,1405.445,1324.761,2943.906
"2012-10-18 10:00:00",20122,13.69,1177.049,1405.422,1324.739,2943.859
"2012-10-18 10:10:00",20123,13.82,1177.056,1405.361,1324.747,2943.875
"2012-10-18 10:20:00",20124,13.7,1177.065,1405.44,1324.551,2943.896
"2012-10-18 10:30:00",20125,13.78,1177.067,1405.443,1324.691,2943.903
"2012-10-18 10:40:00",20126,13.67,1177.068,1405.444,1324.35,2943.905
"2012-10-18 10:50:00",20127,13.58,1177.068,1405.444,1324.555,2943.906
"2012-10-18 11:00:00",20128,13.79,1177.038,1405.339,1324.726,2943.76
"2012-10-18 11:10:00",20129,13.64,1176.882,1405.154,1324.483,2943.372
"2012-10-18 11:20:00",20130,13.71,1175.515,1404.854,1324.397,2942.961
"2012-10-18 11:30:00",20131,13.68,1175.597,1404.036,1324.335,2942.824
"2012-10-18 11:40:00",20132,13.85,1175.307,1404.563,1323.77,2942.919
"2012-10-18 11:50:00",20133,13.75,1175.274,1404.797,1323.459,2942.837
"2012-10-18 12:00:00",20134,13.63,1175.257,1404.23,1323.03,2942.589
"2012-10-18 12:10:00",20135,13.86,1175.271,1403.906,1323.115,2942.01
"2012-10-18 12:20:00",20136,13.62,1175.284,1403.92,1322.923,2941.357
"2012-10-18 12:30:00",20137,13.7,1174.936,1403.981,1323.053,2941.41
"2012-10-18 12:40:00",20138,13.65,1174.199,1403.658,1323.139,2941.517
"2012-10-18 12:50:00",20139,13.54,1173.93,1403.595,1322.939,2941.528
"2012-10-18 13:00:00",20140,13.88,1174.752,1403.597,1322.941,2941.532
"2012-10-18 13:10:00",20141,13.78,1175.231,1403.597,1322.941,2941.396
"2012-10-18 13:20:00",20142,13.85,1175.231,1403.871,1322.941,2941.464
"2012-10-18 13:30:00",20143,13.88,1175.231,1404.896,1323.009,2941.533
"2012-10-18 13:40:00",20144,13.89,1175.163,1404.896,1323.009,2941.464
"2012-10-18 13:50:00",20145,13.54,1175.271,1404.931,1322.909,2941.462
"2012-10-18 14:00:00",20146,13.58,1175.265,1404.924,1323.45,2941.585
"2012-10-18 14:10:00",20147,13.7,1175.809,1404.92,1323.378,2941.645
"2012-10-18 14:20:00",20148,13.62,1176.644,1404.938,1323.19,2941.546
"2012-10-18 14:30:00",20149,13.56,1176.52,1404.789,1322.845,2941.235
"2012-10-18 14:40:00",20150,13.82,1176.503,1404.769,1322.963,2941.125
"2012-10-18 14:50:00",20151,13.64,1176.568,1404.846,1323.103,2941.286
"2012-10-18 15:00:00",20152,13.26,1176.594,1404.877,1323.543,2941.761
"2012-10-18 15:10:00",20153,13.43,1176.641,1404.934,1323.938,2941.674
"2012-10-18 15:20:00",20154,13.35,1176.659,1404.955,1324.3,2941.719
"2012-10-18 15:30:00",20155,13.33,1176.664,1404.962,1324.306,2941.801
"2012-10-18 15:40:00",20156,13.59,1176.666,1405.716,1324.307,2942.693
"2012-10-18 15:50:00",20157,13.46,1176.741,1406.284,1324.392,2942.198
"2012-10-18 16:00:00",20158,13.3,1176.892,1406.533,1324.562,2943.123
"2012-10-18 16:10:00",20159,13.18,1177.001,1406.594,1324.685,2943.532
"2012-10-18 16:20:00",20160,13.15,1177.033,1406.77,1324.721,2943.613
"2012-10-18 16:30:00",20161,13.14,1177.045,1406.784,1324.734,2943.642
"2012-10-18 16:40:00",20162,13.08,1177.061,1406.804,1324.821,2943.888
"2012-10-18 16:50:00",20163,12.99,1177.066,1406.809,1324.827,2943.901
"2012-10-18 17:00:00",20164,12.95,1177.41,1406.811,1325.033,2943.904
"2012-10-18 17:10:00",20165,12.9,1178.367,1406.812,1325.786,2943.906
"2012-10-18 17:20:00",20166,12.82,1178.436,1406.812,1326.128,2943.906
"2012-10-18 17:30:00",20167,12.79,1178.436,1406.812,1326.128,2943.906
"2012-10-18 17:40:00",20168,12.77,1178.436,1406.812,1326.128,2943.906
"2012-10-18 17:50:00",20169,12.75,1178.436,1406.812,1326.128,2943.906
"2012-10-18 18:00:00",20170,12.7,1178.436,1406.812,1326.128,2944.931
"2012-10-18 18:10:00",20171,12.67,1178.436,1406.812,1326.128,2945.273
"2012-10-18 18:20:00",20172,12.65,1178.436,1406.812,1326.128,2945.273
"2012-10-18 18:30:00",20173,12.64,1178.436,1406.812,1326.128,2945.273
"2012-10-18 18:40:00",20174,12.64,1178.778,1406.812,1326.128,2945.273
"2012-10-18 18:50:00",20175,12.63,1179.09,1407.542,1326.172,2945.372
"2012-10-18 19:00:00",20176,12.63,1179.546,1408.281,1326.224,2945.759
"2012-10-18 19:10:00",20177,12.63,1179.632,1408.314,1326.319,2946.724
"2012-10-18 19:20:00",20178,12.62,1179.981,1408.473,1326.405,2947.187
"2012-10-18 19:30:00",20179,12.62,1180.16,1408.605,1326.529,2947.531
"2012-10-18 19:40:00",20180,12.61,1180.193,1408.644,1326.566,2947.614
"2012-10-18 19:50:00",20181,12.61,1180.202,1408.656,1326.577,2947.638
"2012-10-18 20:00:00",20182,12.61,1180.205,1408.659,1327.538,2947.646
"2012-10-18 20:10:00",20183,12.61,1180.206,1408.66,1327.881,2947.648
"2012-10-18 20:20:00",20184,12.6,1180.207,1408.661,1327.881,2947.648
"2012-10-18 20:30:00",20185,12.6,1180.207,1408.661,1327.949,2947.717
"2012-10-18 20:40:00",20186,12.6,1180.207,1408.661,1327.949,2948.264
"2012-10-18 20:50:00",20187,12.6,1180.207,1408.866,1327.949,2948.674
"2012-10-18 21:00:00",20188,12.6,1180.207,1409.96,1327.949,2949.016
"2012-10-18 21:10:00",20189,12.59,1180.207,1410.029,1327.949,2949.016
"2012-10-18 21:20:00",20190,12.59,1180.207,1410.029,1327.949,2950.042
"2012-10-18 21:30:00",20191,12.59,1180.187,1410.005,1327.927,2950.335
"2012-10-18 21:40:00",20192,12.59,1180.193,1410.012,1327.934,2950.35
"2012-10-18 21:50:00",20193,12.59,1180.203,1410.024,1327.945,2950.375
"2012-10-18 22:00:00",20194,12.59,1180.205,1410.027,1327.948,2950.382
"2012-10-18 22:10:00",20195,12.58,1180.206,1410.028,1327.949,2950.384
"2012-10-18 22:20:00",20196,12.58,1180.207,1410.029,1327.949,2950.384
"2012-10-18 22:30:00",20197,12.58,1180.207,1410.029,1327.949,2950.384
"2012-10-18 22:40:00",20198,12.57,1180.249,1409.998,1327.92,2950.32
"2012-10-18 22:50:00",20199,12.57,1180.199,1410.019,1327.941,2951.459
"2012-10-18 23:00:00",20200,12.57,1180.294,1409.969,1327.894,2951.628
"2012-10-18 23:10:00",20201,12.57,1180.502,1409.973,1327.897,2951.636
"2012-10-18 23:20:00",20202,12.57,1180.329,1410.012,1328.002,2951.717
"2012-10-18 23:30:00",20203,12.56,1180.339,1410.024,1327.945,2951.742
"2012-10-18 23:40:00",20204,12.56,1180.457,1410.001,1328.197,2951.695
"2012-10-18 23:50:00",20205,12.56,1180.742,1410.014,1328.141,2952.133
"2012-10-19 00:00:00",20206,12.56,1181.557,1410.008,1328.887,2953.077
"2012-10-19 00:10:00",20207,12.56,1181.558,1410.009,1329.299,2953.079
"2012-10-19 00:20:00",20208,12.55,1181.57,1410.023,1329.312,2953.108
"2012-10-19 00:30:00",20209,12.55,1181.555,1410.005,1329.295,2953.071
"2012-10-19 00:40:00",20210,12.55,1181.562,1410.013,1329.303,2953.088
"2012-10-19 00:50:00",20211,12.55,1181.571,1410.025,1329.313,2953.112
"2012-10-19 01:00:00",20212,12.54,1181.573,1410.028,1329.316,2953.118
"2012-10-19 01:10:00",20213,12.54,1181.566,1410.019,1329.308,2953.1
"2012-10-19 01:20:00",20214,12.54,1181.553,1410.003,1329.293,2953.066
"2012-10-19 01:30:00",20215,12.54,1181.539,1409.986,1329.277,2953.031
"2012-10-19 01:40:00",20216,12.53,1181.526,1409.97,1329.262,2952.998
"2012-10-19 01:50:00",20217,12.53,1181.551,1410,1329.291,2953.608
"2012-10-19 02:00:00",20218,12.53,1181.568,1410.021,1329.31,2954.198
"2012-10-19 02:10:00",20219,12.52,1181.573,1410.026,1329.315,2953.594
"2012-10-19 02:20:00",20220,12.52,1181.551,1410,1329.29,2954.018
"2012-10-19 02:30:00",20221,12.52,1181.565,1410.017,1329.306,2954.327
"2012-10-19 02:40:00",20222,12.52,1181.548,1409.997,1329.287,2954.148
"2012-10-19 02:50:00",20223,12.51,1181.563,1410.015,1329.304,2954.459
"2012-10-19 03:00:00",20224,12.51,1181.571,1410.025,1329.313,2954.48
"2012-10-19 03:10:00",20225,12.5,1181.574,1410.028,1329.316,2954.486
"2012-10-19 03:20:00",20226,12.5,1181.549,1409.998,1329.288,2954.423
"2012-10-19 03:30:00",20227,12.5,1181.567,1410.019,1329.309,2954.469
"2012-10-19 03:40:00",20228,12.49,1181.572,1410.026,1329.315,2954.483
"2012-10-19 03:50:00",20229,12.49,1181.574,1410.028,1329.317,2954.487
"2012-10-19 04:00:00",20230,12.48,1181.574,1410.029,1329.317,2954.42
"2012-10-19 04:10:00",20231,12.48,1181.574,1410.029,1329.317,2954.488
"2012-10-19 04:20:00",20232,12.47,1181.574,1410.029,1329.317,2954.488
"2012-10-19 04:30:00",20233,12.47,1181.574,1410.029,1329.317,2954.078
"2012-10-19 04:40:00",20234,12.46,1181.574,1410.029,1329.317,2953.531
"2012-10-19 04:50:00",20235,12.46,1181.574,1410.029,1329.317,2953.12
"2012-10-19 05:00:00",20236,12.45,1181.574,1410.029,1329.317,2953.189
"2012-10-19 05:10:00",20237,12.45,1180.848,1410.06,1329.347,2953.186
"2012-10-19 05:20:00",20238,12.44,1180.285,1410.122,1328.859,2953.317
"2012-10-19 05:30:00",20239,12.44,1180.345,1410.194,1328.173,2953.466
"2012-10-19 05:40:00",20240,12.47,1180.301,1410.142,1328.056,2953.358
"2012-10-19 05:50:00",20241,12.49,1180.319,1410.163,1328.076,2953.402
"2012-10-19 06:00:00",20242,12.56,1180.44,1410.308,1328.212,2953.705
"2012-10-19 06:10:00",20243,12.67,1180.562,1410.372,1328.478,2953.84
"2012-10-19 06:20:00",20244,12.76,1181.045,1410.377,1329.577,2953.85
"2012-10-19 06:30:00",20245,12.82,1181.699,1410.177,1329.457,2953.431
"2012-10-19 06:40:00",20246,12.95,1181.632,1410.098,1329.383,2953.402
"2012-10-19 06:50:00",20247,13.08,1182.738,1410.111,1329.395,2954.662
"2012-10-19 07:00:00",20248,13.14,1182.969,1410.06,1330.646,2954.553
"2012-10-19 07:10:00",20249,13.09,1182.95,1410.038,1330.694,2955.26
"2012-10-19 07:20:00",20250,13.05,1182.672,1409.758,1329.731,2955.589
"2012-10-19 07:30:00",20251,13.23,1181.533,1408.611,1329.271,2955.206
"2012-10-19 07:40:00",20252,13.23,1181.337,1407.078,1329.05,2953.894
"2012-10-19 07:50:00",20253,13.15,1180.877,1406.87,1328.918,2953.6
"2012-10-19 08:00:00",20254,13.26,1179.818,1406.83,1328.88,2953.516
"2012-10-19 08:10:00",20255,13.26,1179.808,1406.475,1328.868,2953.558
"2012-10-19 08:20:00",20256,13.25,1179.805,1405.446,1327.771,2953.482
"2012-10-19 08:30:00",20257,13.76,1179.804,1405.376,1327.496,2953.411
"2012-10-19 08:40:00",20258,13.79,1179.599,1405.445,1327.564,2953.479
"2012-10-19 08:50:00",20259,13.82,1178.423,1405.347,1327.404,2952.112
"2012-10-19 09:00:00",20260,13.74,1178.269,1405.245,1327.308,2951.624
"2012-10-19 09:10:00",20261,13.68,1178.054,1403.909,1327.143,2951.326
"2012-10-19 09:20:00",20262,14.06,1178.061,1403.63,1327.005,2951.17
"2012-10-19 09:30:00",20263,13.77,1177.289,1403.525,1326.837,2950.881
"2012-10-19 09:40:00",20264,13.81,1176.409,1403.221,1326.752,2949.43
"2012-10-19 09:50:00",20265,14.05,1176.313,1403.175,1326.507,2949.258
"2012-10-19 10:00:00",20266,13.82,1176.279,1403.136,1326.538,2948.697
"2012-10-19 10:10:00",20267,13.94,1176.269,1402.782,1325.432,2948.739
"2012-10-19 10:20:00",20268,14.23,1176.266,1402.642,1325.293,2948.595
"2012-10-19 10:30:00",20269,14.01,1176.265,1402.982,1325.633,2947.568
"2012-10-19 10:40:00",20270,13.77,1176.197,1403.051,1326.18,2947.363
"2012-10-19 10:50:00",20271,14.01,1176.06,1403.119,1326.453,2947.363
"2012-10-19 11:00:00",20272,13.84,1175.984,1403.109,1326.376,2947.343
"2012-10-19 11:10:00",20273,13.99,1175.748,1403.879,1326.469,2947.094
"2012-10-19 11:20:00",20274,13.85,1175.845,1404.147,1326.27,2946.583
"2012-10-19 11:30:00",20275,13.65,1175.9,1404.049,1326.178,2946.516
"2012-10-19 11:40:00",20276,13.97,1175.875,1403.951,1326.149,2946.384
"2012-10-19 11:50:00",20277,14.2,1175.867,1404.01,1325.526,2946.364
"2012-10-19 12:00:00",20278,13.6,1175.865,1403.939,1325.796,2946.29
"2012-10-19 12:10:00",20279,13.74,1175.796,1403.869,1325.591,2946.356
"2012-10-19 12:20:00",20280,13.61,1174.498,1404.006,1325.249,2946.22
"2012-10-19 12:30:00",20281,13.88,1174.52,1404.033,1325.616,2946.139
"2012-10-19 12:40:00",20282,13.79,1174.781,1404.126,1325.765,2945.87
"2012-10-19 12:50:00",20283,13.69,1174.818,1404.321,1325.884,2945.795
"2012-10-19 13:00:00",20284,13.74,1175.959,1404.378,1325.664,2945.708
"2012-10-19 13:10:00",20285,13.72,1176.23,1403.623,1325.252,2944.951
"2012-10-19 13:20:00",20286,13.57,1176.254,1404.13,1325.211,2945.011
"2012-10-19 13:30:00",20287,13.63,1176.262,1404.481,1325.219,2944.757
"2012-10-19 13:40:00",20288,13.94,1175.97,1404.296,1325.25,2944.437
"2012-10-19 13:50:00",20289,13.57,1175.99,1404.156,1325.938,2944.076
"2012-10-19 14:00:00",20290,13.78,1175.903,1403.985,1325.703,2944.064
"2012-10-19 14:10:00",20291,13.57,1175.875,1403.952,1325.672,2943.858
"2012-10-19 14:20:00",20292,13.73,1175.875,1404.02,1326.082,2944.063
"2012-10-19 14:30:00",20293,13.72,1175.903,1404.052,1326.181,2944.405
"2012-10-19 14:40:00",20294,13.85,1175.993,1405.254,1326.283,2945.11
"2012-10-19 14:50:00",20295,13.71,1176.092,1405.03,1326.394,2944.878
"2012-10-19 15:00:00",20296,13.46,1176.196,1404.471,1326.511,2944.592
"2012-10-19 15:10:00",20297,13.31,1176.244,1404.46,1326.566,2944.849
"2012-10-19 15:20:00",20298,13.3,1176.259,1404.478,1326.583,2944.886
"2012-10-19 15:30:00",20299,13.17,1176.263,1404.483,1326.588,2945.444
"2012-10-19 15:40:00",20300,13.21,1176.264,1405.373,1326.589,2945.105
"2012-10-19 15:50:00",20301,13.2,1176.264,1404.826,1326.589,2945.858
"2012-10-19 16:00:00",20302,13.28,1176.28,1405.186,1326.606,2945.623
"2012-10-19 16:10:00",20303,13.09,1177.776,1406.037,1326.829,2946.323
"2012-10-19 16:20:00",20304,13.05,1177.976,1406.195,1326.978,2946.858
"2012-10-19 16:30:00",20305,13.04,1178.016,1406.243,1327.023,2946.958
"2012-10-19 16:40:00",20306,12.87,1178.028,1406.325,1327.037,2946.989
"2012-10-19 16:50:00",20307,12.82,1178.032,1406.33,1327.041,2946.998
"2012-10-19 17:00:00",20308,12.77,1178.044,1406.344,1327.191,2947.986
"2012-10-19 17:10:00",20309,12.74,1178.144,1406.464,1327.236,2948.578
"2012-10-19 17:20:00",20310,12.73,1178.312,1406.664,1327.356,2949.066
"2012-10-19 17:30:00",20311,12.71,1178.391,1406.759,1327.651,2949.264
"2012-10-19 17:40:00",20312,12.71,1178.423,1406.796,1328.712,2949.343
"2012-10-19 17:50:00",20313,12.68,1178.432,1406.807,1328.859,2949.366
"2012-10-19 18:00:00",20314,12.67,1178.435,1406.81,1328.862,2949.373
"2012-10-19 18:10:00",20315,12.66,1178.435,1406.812,1328.863,2949.443
"2012-10-19 18:20:00",20316,12.66,1178.504,1406.812,1328.863,2949.512
"2012-10-19 18:30:00",20317,12.65,1178.504,1406.812,1328.863,2950.059
"2012-10-19 18:40:00",20318,12.65,1178.778,1406.812,1328.863,2950.469
"2012-10-19 18:50:00",20319,12.64,1178.504,1406.812,1328.863,2950.196
"2012-10-19 19:00:00",20320,12.64,1178.846,1406.812,1328.726,2950.743
"2012-10-19 19:10:00",20321,12.64,1178.914,1406.812,1328.453,2950.743
"2012-10-19 19:20:00",20322,12.64,1178.955,1406.86,1328.294,2950.845
"2012-10-19 19:30:00",20323,12.64,1179.147,1407.007,1328.569,2951.154
"2012-10-19 19:40:00",20324,12.63,1179.643,1407.192,1328.811,2951.54
"2012-10-19 19:50:00",20325,12.63,1179.77,1407.262,1329.015,2951.688
"2012-10-19 20:00:00",20326,12.63,1180.131,1407.284,1329.172,2951.734
"2012-10-19 20:10:00",20327,12.62,1180.068,1407.29,1328.905,2951.747
"2012-10-19 20:20:00",20328,12.62,1179.932,1407.292,1328.77,2951.751
"2012-10-19 20:30:00",20329,12.62,1180.07,1407.293,1328.702,2951.752
"2012-10-19 20:40:00",20330,12.62,1180.138,1407.293,1328.497,2951.889
"2012-10-19 20:50:00",20331,12.61,1180.138,1407.293,1328.633,2952.163
"2012-10-19 21:00:00",20332,12.61,1180.07,1407.293,1328.223,2952.984
"2012-10-19 21:10:00",20333,12.61,1180.07,1407.293,1328.223,2953.12
"2012-10-19 21:20:00",20334,12.61,1179.865,1407.293,1328.497,2953.12
"2012-10-19 21:30:00",20335,12.6,1179.317,1407.293,1328.36,2953.12
"2012-10-19 21:40:00",20336,12.6,1179.591,1407.293,1328.086,2953.12
"2012-10-19 21:50:00",20337,12.6,1179.591,1407.293,1328.155,2953.12
"2012-10-19 22:00:00",20338,12.6,1179.454,1407.293,1328.77,2953.12
"2012-10-19 22:10:00",20339,12.59,1179.386,1407.293,1329.044,2953.12
"2012-10-19 22:20:00",20340,12.59,1179.469,1407.31,1329.334,2953.157
"2012-10-19 22:30:00",20341,12.59,1179.29,1407.423,1329.44,2953.394
"2012-10-19 22:40:00",20342,12.58,1179.677,1407.396,1329.415,2953.336
"2012-10-19 22:50:00",20343,12.58,1179.555,1407.413,1329.431,2953.372
"2012-10-19 23:00:00",20344,12.58,1179.603,1407.389,1329.408,2953.323
"2012-10-19 23:10:00",20345,12.57,1179.421,1407.417,1329.435,2953.381
"2012-10-19 23:20:00",20346,12.57,1179.596,1407.462,1329.478,2953.477
"2012-10-19 23:30:00",20347,12.57,1179.732,1407.461,1329.476,2953.473
"2012-10-19 23:40:00",20348,12.57,1179.57,1407.431,1329.448,2953.411
"2012-10-19 23:50:00",20349,12.56,1179.4,1407.473,1329.487,2953.498
"2012-10-20 00:00:00",20350,12.56,1179.54,1407.476,1329.491,2953.506
"2012-10-20 00:10:00",20351,12.56,1179.671,1407.47,1329.485,2953.492
"2012-10-20 00:20:00",20352,12.56,1179.362,1407.427,1329.444,2953.403
"2012-10-20 00:30:00",20353,12.55,1179.595,1407.461,1329.476,2953.473
"2012-10-20 00:40:00",20354,12.55,1179.629,1407.502,1329.515,2953.56
"2012-10-20 00:50:00",20355,12.55,1179.609,1407.477,1329.491,2953.507
"2012-10-20 01:00:00",20356,12.55,1179.668,1407.467,1329.482,2953.486
"2012-10-20 01:10:00",20357,12.54,1179.579,1407.442,1329.458,2953.434
"2012-10-20 01:20:00",20358,12.54,1179.634,1407.426,1329.443,2953.4
"2012-10-20 01:30:00",20359,12.54,1179.594,1407.541,1329.552,2953.641
"2012-10-20 01:40:00",20360,12.53,1179.541,1407.478,1329.492,2953.508
"2012-10-20 01:50:00",20361,12.53,1179.834,1407.501,1329.514,2953.558
"2012-10-20 02:00:00",20362,12.53,1179.88,1407.392,1329.411,2953.33
"2012-10-20 02:10:00",20363,12.52,1180.207,1407.375,1329.395,2953.361
"2012-10-20 02:20:00",20364,12.52,1180.259,1407.436,1329.453,2953.422
"2012-10-20 02:30:00",20365,12.52,1180.357,1407.472,1329.487,2953.497
"2012-10-20 02:40:00",20366,12.51,1180.335,1407.446,1329.462,2953.51
"2012-10-20 02:50:00",20367,12.51,1180.351,1407.465,1329.48,2953.618
"2012-10-20 03:00:00",20368,12.51,1180.314,1407.421,1329.438,2953.389
"2012-10-20 03:10:00",20369,12.5,1180.348,1407.461,1329.477,2953.474
"2012-10-20 03:20:00",20370,12.5,1180.311,1407.417,1329.846,2953.382
"2012-10-20 03:30:00",20371,12.5,1180.26,1407.357,1330.404,2954.281
"2012-10-20 03:40:00",20372,12.49,1180.222,1407.312,1330.498,2954.528
"2012-10-20 03:50:00",20373,12.49,1180.212,1407.299,1330.691,2954.501
"2012-10-20 04:00:00",20374,12.49,1180.232,1407.323,1330.645,2954.551
"2012-10-20 04:10:00",20375,12.48,1180.217,1407.305,1330.697,2954.515
"2012-10-20 04:20:00",20376,12.48,1180.21,1407.297,1330.689,2954.497
"2012-10-20 04:30:00",20377,12.47,1180.208,1407.294,1330.687,2954.491
"2012-10-20 04:40:00",20378,12.47,1180.207,1407.293,1330.686,2954.49
"2012-10-20 04:50:00",20379,12.47,1180.207,1407.293,1330.686,2954.49
"2012-10-20 05:00:00",20380,12.46,1180.207,1407.293,1330.686,2954.695
"2012-10-20 05:10:00",20381,12.46,1180.207,1407.293,1330.686,2955.857
"2012-10-20 05:20:00",20382,12.46,1180.207,1407.293,1330.686,2955.789
"2012-10-20 05:30:00",20383,12.45,1180.207,1407.293,1330.686,2955.857
"2012-10-20 05:40:00",20384,12.46,1180.207,1407.293,1330.686,2955.857
"2012-10-20 05:50:00",20385,12.48,1180.207,1407.293,1330.686,2955.857
"2012-10-20 06:00:00",20386,12.5,1180.207,1407.293,1330.686,2955.857
"2012-10-20 06:10:00",20387,12.52,1180.191,1407.274,1330.668,2955.817
"2012-10-20 06:20:00",20388,12.54,1180.142,1407.216,1330.613,2955.695
"2012-10-20 06:30:00",20389,12.57,1179.97,1406.19,1330.419,2955.264
"2012-10-20 06:40:00",20390,12.61,1179.854,1405.505,1330.014,2954.972
"2012-10-20 06:50:00",20391,12.65,1179.819,1405.463,1330.111,2954.748
"2012-10-20 07:00:00",20392,12.76,1179.808,1405.45,1330.099,2954.79
"2012-10-20 07:10:00",20393,12.74,1179.805,1405.378,1330.232,2954.576
"2012-10-20 07:20:00",20394,12.76,1178.71,1404.624,1329.684,2953.616
"2012-10-20 07:30:00",20395,12.82,1178.505,1404.077,1330.163,2953.479
"2012-10-20 07:40:00",20396,12.89,1179.462,1404.146,1330.231,2953.479
"2012-10-20 07:50:00",20397,12.89,1179.325,1404.077,1330.231,2953.616
"2012-10-20 08:00:00",20398,12.93,1178.421,1404.058,1330.213,2954.124
"2012-10-20 08:10:00",20399,12.96,1178.349,1403.973,1330.132,2954.422
"2012-10-20 08:20:00",20400,13.09,1178.221,1403.821,1329.988,2954.17
"2012-10-20 08:30:00",20401,13.69,1178.23,1403.6,1329.844,2953.85
"2012-10-20 08:40:00",20402,13.52,1178.184,1403.614,1329.792,2953.052
"2012-10-20 08:50:00",20403,13.62,1177.92,1403.599,1329.648,2952.185
"2012-10-20 09:00:00",20404,13.6,1177.734,1403.241,1329.097,2951.583
"2012-10-20 09:10:00",20405,13.8,1177.595,1402.951,1328.265,2951.472
"2012-10-20 09:20:00",20406,13.77,1177.641,1402.515,1328.035,2951.486
"2012-10-20 09:30:00",20407,13.63,1177.635,1402.712,1328.438,2951.264
"2012-10-20 09:40:00",20408,13.67,1177.632,1402.915,1328.914,2951.396
"2012-10-20 09:50:00",20409,13.66,1177.632,1402.231,1327.888,2950.984
"2012-10-20 10:00:00",20410,13.63,1177.427,1402.777,1327.752,2950.165
"2012-10-20 10:10:00",20411,13.9,1177.632,1403.119,1327.683,2950.165
"2012-10-20 10:20:00",20412,13.83,1177.564,1402.572,1327.957,2950.096
"2012-10-20 10:30:00",20413,13.7,1177.556,1402.973,1328.494,2950.076
"2012-10-20 10:40:00",20414,13.53,1177.314,1403.189,1328.649,2950.018
"2012-10-20 10:50:00",20415,13.44,1177.406,1402.931,1328.872,2949.769
"2012-10-20 11:00:00",20416,13.69,1177.309,1403.84,1328.489,2949.458
"2012-10-20 11:10:00",20417,13.45,1177.298,1404.087,1328.673,2949.6
"2012-10-20 11:20:00",20418,13.51,1177.182,1403.347,1328.619,2949.413
"2012-10-20 11:30:00",20419,13.62,1177.236,1403.876,1328.193,2949.923
"2012-10-20 11:40:00",20420,13.84,1177.231,1403.461,1327.778,2949.571
"2012-10-20 11:50:00",20421,13.72,1177.23,1403.87,1327.162,2949.226
"2012-10-20 12:00:00",20422,13.57,1177.23,1404.006,1327.572,2949.293
"2012-10-20 12:10:00",20423,13.68,1177.24,1404.018,1327.788,2949.593
"2012-10-20 12:20:00",20424,13.58,1177.198,1404.05,1327.681,2949.112
"2012-10-20 12:30:00",20425,13.65,1177.047,1403.896,1327.391,2949.075
"2012-10-20 12:40:00",20426,13.66,1177.364,1403.278,1327.586,2949.494
"2012-10-20 12:50:00",20427,13.86,1177.494,1404.048,1327.665,2949.75
"2012-10-20 13:00:00",20428,13.62,1177.554,1403.3,1327.732,2949.901
"2012-10-20 13:10:00",20429,13.75,1177.606,1403.43,1327.722,2949.826
"2012-10-20 13:20:00",20430,13.57,1177.685,1404.194,1327.529,2949.92
"2012-10-20 13:30:00",20431,13.63,1177.523,1404.014,1327.561,2949.619
"2012-10-20 13:40:00",20432,13.5,1177.406,1403.943,1327.566,2949.189
"2012-10-20 13:50:00",20433,13.72,1177.307,1404.098,1327.453,2949.076
"2012-10-20 14:00:00",20434,13.73,1177.253,1403.965,1328.212,2949.146
"2012-10-20 14:10:00",20435,13.63,1177.441,1404.424,1327.989,2949.105
"2012-10-20 14:20:00",20436,13.65,1178.461,1404.145,1327.574,2949.093
"2012-10-20 14:30:00",20437,13.67,1178.468,1404.016,1327.513,2949.11
"2012-10-20 14:40:00",20438,13.56,1178.531,1404.091,1327.583,2949.266
"2012-10-20 14:50:00",20439,13.59,1178.712,1404.145,1327.703,2949.38
"2012-10-20 15:00:00",20440,13.56,1178.817,1404.269,1327.82,2949.641
"2012-10-20 15:10:00",20441,13.44,1178.939,1404.414,1327.889,2949.946
"2012-10-20 15:20:00",20442,13.29,1178.942,1404.418,1327.893,2949.954
"2012-10-20 15:30:00",20443,13.28,1178.966,1404.447,1327.92,2950.015
"2012-10-20 15:40:00",20444,13.2,1178.988,1404.473,1328.355,2950.071
"2012-10-20 15:50:00",20445,13.2,1178.995,1404.481,1328.704,2950.087
"2012-10-20 16:00:00",20446,13.56,1178.382,1404.484,1329.322,2950.708
"2012-10-20 16:10:00",20447,13.38,1177.631,1404.484,1329.117,2951.324
"2012-10-20 16:20:00",20448,13.07,1177.631,1404.484,1329.049,2951.46
"2012-10-20 16:30:00",20449,13,1177.631,1404.484,1329.049,2951.46
"2012-10-20 16:40:00",20450,12.96,1177.631,1404.484,1329.322,2951.46
"2012-10-20 16:50:00",20451,12.87,1177.685,1404.548,1329.383,2951.594
"2012-10-20 17:00:00",20452,12.8,1177.909,1404.953,1329.636,2952.157
"2012-10-20 17:10:00",20453,12.79,1177.995,1405.193,1329.734,2952.375
"2012-10-20 17:20:00",20454,12.75,1178.022,1405.907,1329.763,2952.441
"2012-10-20 17:30:00",20455,12.74,1178.165,1406.352,1329.925,2952.8
"2012-10-20 17:40:00",20456,12.71,1178.353,1406.44,1330.137,2953.544
"2012-10-20 17:50:00",20457,12.69,1178.39,1406.758,1330.179,2954.39
"2012-10-20 18:00:00",20458,12.66,1178.417,1406.79,1330.21,2953.773
"2012-10-20 18:10:00",20459,12.64,1178.43,1406.669,1330.224,2953.465
"2012-10-20 18:20:00",20460,12.63,1178.434,1406.742,1330.229,2953.474
"2012-10-20 18:30:00",20461,12.63,1178.435,1406.743,1330.23,2953.477
"2012-10-20 18:40:00",20462,12.62,1178.709,1406.812,1330.231,2953.478
"2012-10-20 18:50:00",20463,12.61,1178.572,1406.812,1330.231,2953.478
"2012-10-20 19:00:00",20464,12.61,1178.656,1406.762,1330.248,2953.517
"2012-10-20 19:10:00",20465,12.61,1178.762,1406.833,1330.444,2953.953
"2012-10-20 19:20:00",20466,12.6,1178.835,1407.07,1330.604,2954.308
"2012-10-20 19:30:00",20467,12.59,1178.885,1407.267,1330.661,2954.434
"2012-10-20 19:40:00",20468,12.59,1178.832,1406.738,1330.678,2954.472
"2012-10-20 19:50:00",20469,12.59,1178.837,1406.128,1330.683,2954.484
"2012-10-20 20:00:00",20470,12.58,1178.838,1405.924,1330.685,2954.487
"2012-10-20 20:10:00",20471,12.59,1178.839,1405.925,1330.685,2954.488
"2012-10-20 20:20:00",20472,12.58,1178.839,1405.925,1330.685,2954.488
"2012-10-20 20:30:00",20473,12.58,1178.907,1406.006,1330.762,2954.659
"2012-10-20 20:40:00",20474,12.58,1179.001,1406.118,1330.869,2954.895
"2012-10-20 20:50:00",20475,12.58,1178.977,1406.089,1330.841,2954.834
"2012-10-20 21:00:00",20476,12.57,1178.934,1406.039,1330.793,2954.728
"2012-10-20 21:10:00",20477,12.57,1179.021,1406.143,1330.892,2954.947
"2012-10-20 21:20:00",20478,12.56,1179.14,1406.285,1331.026,2955.245
"2012-10-20 21:30:00",20479,12.57,1179.208,1406.365,1330.965,2955.414
"2012-10-20 21:40:00",20480,12.56,1179.232,1406.393,1331.129,2955.474
"2012-10-20 21:50:00",20481,12.56,1179.239,1406.402,1331,2955.491
"2012-10-20 22:00:00",20482,12.55,1179.241,1406.404,1330.524,2955.497
"2012-10-20 22:10:00",20483,12.56,1179.241,1406.405,1330.045,2955.498
"2012-10-20 22:20:00",20484,12.55,1179.241,1406.405,1330.114,2955.499
"2012-10-20 22:30:00",20485,12.55,1179.241,1406.405,1330.182,2955.499
"2012-10-20 22:40:00",20486,12.55,1179.241,1406.405,1330.114,2955.499
"2012-10-20 22:50:00",20487,12.55,1179.241,1406.405,1330.935,2955.499
"2012-10-20 23:00:00",20488,12.54,1179.241,1406.405,1330.593,2955.499
"2012-10-20 23:10:00",20489,12.54,1179.241,1406.405,1330.182,2955.499
"2012-10-20 23:20:00",20490,12.53,1179.241,1406.405,1330.524,2955.499
"2012-10-20 23:30:00",20491,12.53,1179.241,1406.405,1330.319,2955.499
"2012-10-20 23:40:00",20492,12.53,1179.241,1406.405,1330.524,2955.499
"2012-10-20 23:50:00",20493,12.53,1179.266,1406.434,1330.21,2955.56
"2012-10-21 00:00:00",20494,12.53,1179.329,1406.509,1330.281,2955.717
"2012-10-21 00:10:00",20495,12.53,1179.361,1406.548,1330.728,2955.798
"2012-10-21 00:20:00",20496,12.52,1179.429,1406.63,1331.284,2955.97
"2012-10-21 00:30:00",20497,12.52,1179.516,1406.733,1331.313,2956.255
"2012-10-21 00:40:00",20498,12.52,1179.489,1406.7,1331.351,2956.598
"2012-10-21 00:50:00",20499,12.51,1179.485,1406.696,1331.415,2956.452
"2012-10-21 01:00:00",20500,12.51,1179.553,1406.777,1331.492,2957.1
"2012-10-21 01:10:00",20501,12.51,1179.592,1406.823,1331.536,2957.404
"2012-10-21 01:20:00",20502,12.51,1179.561,1406.786,1331.501,2957.6
"2012-10-21 01:30:00",20503,12.51,1179.584,1406.814,1331.527,2957.726
"2012-10-21 01:40:00",20504,12.5,1179.623,1406.861,1331.571,2957.825
"2012-10-21 01:50:00",20505,12.5,1179.624,1406.862,1331.572,2957.827
"2012-10-21 02:00:00",20506,12.5,1180.144,1406.829,1331.541,2957.758
"2012-10-21 02:10:00",20507,12.49,1180.41,1406.82,1331.532,2957.739
"2012-10-21 02:20:00",20508,12.48,1180.613,1406.736,1331.453,2957.562
"2012-10-21 02:30:00",20509,12.48,1180.744,1406.565,1331.291,2957.27
"2012-10-21 02:40:00",20510,12.48,1180.583,1406.454,1331.187,2957.997
"2012-10-21 02:50:00",20511,12.48,1180.554,1406.42,1331.154,2958.267
"2012-10-21 03:00:00",20512,12.47,1180.203,1406.41,1331.144,2958.245
"2012-10-21 03:10:00",20513,12.47,1180.132,1406.407,1331.142,2958.239
"2012-10-21 03:20:00",20514,12.47,1179.858,1406.406,1331.141,2958.237
"2012-10-21 03:30:00",20515,12.46,1180.268,1406.406,1331.141,2958.237
"2012-10-21 03:40:00",20516,12.46,1179.789,1406.406,1331.141,2958.237
"2012-10-21 03:50:00",20517,12.45,1179.994,1406.406,1331.141,2958.237
"2012-10-21 04:00:00",20518,12.45,1179.877,1406.429,1331.162,2958.285
"2012-10-21 04:10:00",20519,12.45,1180.244,1406.54,1331.267,2958.518
"2012-10-21 04:20:00",20520,12.44,1179.96,1406.528,1331.256,2958.493
"2012-10-21 04:30:00",20521,12.44,1180.495,1406.594,1331.319,2958.634
"2012-10-21 04:40:00",20522,12.43,1180.156,1406.679,1331.399,2958.812
"2012-10-21 04:50:00",20523,12.43,1180.296,1406.765,1331.481,2958.993
"2012-10-21 05:00:00",20524,12.43,1180.104,1406.781,1331.496,2959.574
"2012-10-21 05:10:00",20525,12.42,1180.102,1406.778,1331.493,2959.841
"2012-10-21 05:20:00",20526,12.42,1179.846,1406.8,1331.514,2960.435
"2012-10-21 05:30:00",20527,12.41,1179.808,1406.836,1331.548,2960.443
"2012-10-21 05:40:00",20528,12.42,1179.969,1406.865,1331.576,2960.573
"2012-10-21 05:50:00",20529,12.45,1179.845,1406.88,1331.59,2960.604
"2012-10-21 06:00:00",20530,12.48,1180.328,1406.885,1331.594,2960.545
"2012-10-21 06:10:00",20531,12.51,1180.521,1406.87,1331.649,2960.515
"2012-10-21 06:20:00",20532,12.54,1180.666,1406.798,1331.718,2960.431
"2012-10-21 06:30:00",20533,12.58,1180.751,1406.574,1332.531,2959.959
"2012-10-21 06:40:00",20534,12.61,1180.666,1406.472,1332.572,2959.745
"2012-10-21 06:50:00",20535,12.67,1180.627,1406.426,1332.528,2959.647
"2012-10-21 07:00:00",20536,12.76,1181.026,1406.411,1332.514,2959.617
"2012-10-21 07:10:00",20537,12.8,1181.969,1406.394,1332.498,2960.401
"2012-10-21 07:20:00",20538,12.94,1181.254,1406.276,1332.386,2960.7
"2012-10-21 07:30:00",20539,13.17,1180.366,1406.115,1332.234,2960.361
"2012-10-21 07:40:00",20540,13.26,1180.31,1406.047,1332.238,2960.287
"2012-10-21 07:50:00",20541,13.12,1180.239,1405.142,1332.09,2961.135
"2012-10-21 08:00:00",20542,13.1,1180.166,1404.509,1332.008,2961.227
"2012-10-21 08:10:00",20543,13.16,1179.957,1404.259,1331.771,2960.701
"2012-10-21 08:20:00",20544,13.29,1179.236,1404.134,1331.652,2960.436
"2012-10-21 08:30:00",20545,13.76,1179.818,1403.889,1331.615,2960.353
"2012-10-21 08:40:00",20546,13.6,1178.919,1403.399,1331.603,2960.191
"2012-10-21 08:50:00",20547,13.66,1178.437,1403.463,1331.6,2959.773
"2012-10-21 09:00:00",20548,13.63,1178.214,1402.963,1331.101,2958.907
"2012-10-21 09:10:00",20549,13.41,1177.71,1402.864,1330.594,2958.775
"2012-10-21 09:20:00",20550,13.76,1177.403,1402.811,1330.068,2958.587
"2012-10-21 09:30:00",20551,13.44,1176.909,1402.519,1330.05,2958.069
"2012-10-21 09:40:00",20552,13.45,1176.814,1402.407,1329.944,2957.353
"2012-10-21 09:50:00",20553,13.51,1176.74,1402.317,1329.859,2957.643
"2012-10-21 10:00:00",20554,13.5,1176.688,1402.256,1329.801,2956.762
"2012-10-21 10:10:00",20555,13.8,1176.673,1402.238,1329.784,2956.656
"2012-10-21 10:20:00",20556,13.42,1176.668,1402.164,1329.779,2956.508
"2012-10-21 10:30:00",20557,13.89,1176.667,1402.231,1329.777,2956.573
"2012-10-21 10:40:00",20558,13.94,1176.667,1402.026,1329.64,2956.503
"2012-10-21 10:50:00",20559,13.66,1176.638,1402.129,1329.745,2956.364
"2012-10-21 11:00:00",20560,14.03,1176.312,1401.971,1329.53,2955.955
"2012-10-21 11:10:00",20561,13.61,1176.318,1401.952,1329.93,2955.696
"2012-10-21 11:20:00",20562,13.5,1176.281,1401.703,1329.41,2955.466
"2012-10-21 11:30:00",20563,13.87,1176.202,1401.621,1329.328,2955.438
"2012-10-21 11:40:00",20564,13.58,1176.266,1401.617,1328.914,2955.428
"2012-10-21 11:50:00",20565,13.63,1175.855,1401.479,1328.64,2955.494
"2012-10-21 12:00:00",20566,13.56,1174.899,1401.684,1329.05,2955.426
"2012-10-21 12:10:00",20567,13.9,1175.309,1401.752,1329.118,2955.289
"2012-10-21 12:20:00",20568,13.74,1174.899,1401.547,1329.187,2954.469
"2012-10-21 12:30:00",20569,13.73,1174.899,1401.616,1328.777,2954.127
"2012-10-21 12:40:00",20570,13.62,1174.899,1401.616,1328.777,2954.196
"2012-10-21 12:50:00",20571,13.52,1174.899,1401.479,1328.64,2954.059
"2012-10-21 13:00:00",20572,13.84,1174.899,1401.684,1328.572,2953.786
"2012-10-21 13:10:00",20573,13.68,1174.899,1401.547,1328.298,2953.649
"2012-10-21 13:20:00",20574,13.95,1174.899,1401.616,1328.708,2953.649
"2012-10-21 13:30:00",20575,13.71,1174.899,1401.547,1328.503,2953.512
"2012-10-21 13:40:00",20576,13.68,1174.899,1401.752,1328.572,2953.103
"2012-10-21 13:50:00",20577,13.83,1174.899,1401.616,1328.708,2953.171
"2012-10-21 14:00:00",20578,13.85,1175.24,1401.616,1328.503,2952.829
"2012-10-21 14:10:00",20579,13.92,1176.265,1401.889,1328.982,2952.898
"2012-10-21 14:20:00",20580,13.77,1176.265,1401.821,1328.572,2952.829
"2012-10-21 14:30:00",20581,13.65,1176.265,1402.231,1329.255,2952.898
"2012-10-21 14:40:00",20582,13.65,1176.265,1402.162,1329.323,2953.034
"2012-10-21 14:50:00",20583,13.68,1176.265,1402.094,1329.323,2952.829
"2012-10-21 15:00:00",20584,13.65,1176.675,1402.504,1329.255,2952.898
"2012-10-21 15:10:00",20585,13.66,1177.564,1402.982,1329.323,2952.829
"2012-10-21 15:20:00",20586,13.61,1176.607,1403.119,1329.05,2952.829
"2012-10-21 15:30:00",20587,13.62,1176.334,1403.119,1329.323,2952.829
"2012-10-21 15:40:00",20588,13.64,1176.265,1403.119,1329.05,2952.829
"2012-10-21 15:50:00",20589,13.63,1176.265,1403.119,1329.323,2952.829
"2012-10-21 16:00:00",20590,13.62,1176.265,1403.119,1329.187,2952.829
"2012-10-21 16:10:00",20591,13.57,1176.265,1403.119,1329.323,2953.581
"2012-10-21 16:20:00",20592,13.23,1176.265,1403.119,1329.323,2954.264
"2012-10-21 16:30:00",20593,13.12,1176.269,1403.124,1329.328,2954.274
"2012-10-21 16:40:00",20594,12.97,1176.312,1403.175,1329.991,2954.314
"2012-10-21 16:50:00",20595,13,1176.415,1403.298,1330.449,2954.641
"2012-10-21 17:00:00",20596,12.96,1177.751,1403.711,1331.056,2955.694
"2012-10-21 17:10:00",20597,12.99,1178.01,1404.047,1331.116,2955.759
"2012-10-21 17:20:00",20598,12.92,1178.026,1404.956,1331.204,2956.552
"2012-10-21 17:30:00",20599,12.8,1178.089,1405.031,1331.411,2956.71
"2012-10-21 17:40:00",20600,12.75,1178.214,1405.18,1331.895,2957.025
"2012-10-21 17:50:00",20601,12.73,1179.309,1405.345,1332.734,2957.371
"2012-10-21 18:00:00",20602,12.7,1179.778,1406.44,1332.937,2957.586
"2012-10-21 18:10:00",20603,12.67,1179.796,1406.53,1332.957,2958.793
"2012-10-21 18:20:00",20604,12.66,1179.801,1406.604,1332.963,2958.943
"2012-10-21 18:30:00",20605,12.66,1179.803,1406.743,1332.965,2958.947
"2012-10-21 18:40:00",20606,12.65,1179.803,1406.812,1332.966,2958.948
"2012-10-21 18:50:00",20607,12.64,1179.803,1406.812,1332.966,2958.948
"2012-10-21 19:00:00",20608,12.64,1179.803,1406.812,1332.966,2958.948
"2012-10-21 19:10:00",20609,12.63,1179.803,1406.812,1332.966,2958.948
"2012-10-21 19:20:00",20610,12.63,1179.854,1406.872,1333.023,2959.144
"2012-10-21 19:30:00",20611,12.62,1180.026,1407.078,1333.218,2960.397
"2012-10-21 19:40:00",20612,12.62,1180.215,1407.222,1333.354,2960.769
"2012-10-21 19:50:00",20613,12.61,1180.189,1407.272,1333.401,2961.147
"2012-10-21 20:00:00",20614,12.61,1180.201,1407.286,1333.416,2961.178
"2012-10-21 20:10:00",20615,12.6,1180.205,1407.291,1333.42,2961.325
"2012-10-21 20:20:00",20616,12.6,1180.206,1407.292,1333.421,2961.328
"2012-10-21 20:30:00",20617,12.6,1180.207,1407.293,1333.421,2961.328
"2012-10-21 20:40:00",20618,12.59,1180.207,1407.293,1333.421,2961.328
"2012-10-21 20:50:00",20619,12.59,1180.343,1407.293,1333.421,2961.328
"2012-10-21 21:00:00",20620,12.58,1180.275,1407.293,1333.421,2961.328
"2012-10-21 21:10:00",20621,12.58,1180.412,1407.293,1333.421,2961.328
"2012-10-21 21:20:00",20622,12.58,1180.782,1407.327,1333.454,2961.4
"2012-10-21 21:30:00",20623,12.58,1181.308,1407.382,1333.506,2961.517
"2012-10-21 21:40:00",20624,12.57,1181.654,1407.387,1333.511,2961.527
"2012-10-21 21:50:00",20625,12.57,1181.686,1407.426,1333.548,2961.609
"2012-10-21 22:00:00",20626,12.57,1181.683,1407.422,1333.544,2961.601
"2012-10-21 22:10:00",20627,12.57,1181.642,1407.454,1333.574,2961.668
"2012-10-21 22:20:00",20628,12.56,1181.711,1407.455,1333.575,2961.67
"2012-10-21 22:30:00",20629,12.56,1181.082,1407.358,1333.483,2961.465
"2012-10-21 22:40:00",20630,12.56,1180.659,1407.343,1333.469,2961.435
"2012-10-21 22:50:00",20631,12.55,1180.465,1407.438,1333.559,2961.634
"2012-10-21 23:00:00",20632,12.55,1180.599,1407.597,1333.71,2961.969
"2012-10-21 23:10:00",20633,12.54,1180.586,1407.664,1333.773,2962.109
"2012-10-21 23:20:00",20634,12.54,1180.715,1407.736,1333.841,2962.26
"2012-10-21 23:30:00",20635,12.54,1180.669,1407.489,1333.866,2962.317
"2012-10-21 23:40:00",20636,12.53,1180.607,1407.565,1333.874,2962.333
"2012-10-21 23:50:00",20637,12.53,1180.609,1407.773,1333.876,2962.339
"2012-10-22 00:00:00",20638,12.52,1180.678,1407.568,1333.877,2962.34
"2012-10-22 00:10:00",20639,12.52,1180.61,1407.568,1333.877,2962.341
"2012-10-22 00:20:00",20640,12.51,1180.61,1407.226,1333.877,2962.341
"2012-10-22 00:30:00",20641,12.51,1180.61,1406.542,1333.877,2962.341
"2012-10-22 00:40:00",20642,12.5,1180.61,1406.405,1333.877,2962.341
"2012-10-22 00:50:00",20643,12.49,1180.61,1406.405,1333.877,2962.341
"2012-10-22 01:00:00",20644,12.49,1180.61,1406.405,1333.877,2962.341
"2012-10-22 01:10:00",20645,12.48,1180.61,1406.405,1333.877,2962.341
"2012-10-22 01:20:00",20646,12.48,1180.61,1406.405,1333.535,2962.341
"2012-10-22 01:30:00",20647,12.47,1180.61,1406.405,1333.74,2962.341
"2012-10-22 01:40:00",20648,12.46,1180.661,1406.466,1333.866,2962.469
"2012-10-22 01:50:00",20649,12.46,1180.792,1406.622,1334.083,2962.797
"2012-10-22 02:00:00",20650,12.45,1180.91,1406.762,1333.805,2963.093
"2012-10-22 02:10:00",20651,12.45,1180.978,1406.844,1333.813,2963.264
"2012-10-22 02:20:00",20652,12.44,1181.003,1406.874,1333.158,2963.328
"2012-10-22 02:30:00",20653,12.44,1181.01,1406.883,1332.961,2963.347
"2012-10-22 02:40:00",20654,12.44,1181.013,1406.885,1332.964,2963.353
"2012-10-22 02:50:00",20655,12.43,1181.014,1406.886,1332.964,2963.354
"2012-10-22 03:00:00",20656,12.42,1181.014,1406.886,1332.964,2963.286
"2012-10-22 03:10:00",20657,12.42,1181.014,1406.886,1332.964,2963.286
"2012-10-22 03:20:00",20658,12.42,1181.014,1406.886,1332.964,2963.286
"2012-10-22 03:30:00",20659,12.41,1181.014,1406.886,1332.964,2963.149
"2012-10-22 03:40:00",20660,12.41,1181.014,1406.886,1332.964,2963.218
"2012-10-22 03:50:00",20661,12.4,1181.014,1406.886,1332.964,2963.355
"2012-10-22 04:00:00",20662,12.4,1181.014,1406.886,1334.197,2963.355
"2012-10-22 04:10:00",20663,12.39,1181.014,1406.886,1334.265,2963.355
"2012-10-22 04:20:00",20664,12.38,1181.014,1406.886,1334.265,2963.355
"2012-10-22 04:30:00",20665,12.37,1181.014,1406.886,1334.333,2963.355
"2012-10-22 04:40:00",20666,12.37,1180.963,1406.826,1334.276,2963.227
"2012-10-22 04:50:00",20667,12.36,1180.82,1406.656,1334.115,2962.869
"2012-10-22 05:00:00",20668,12.36,1180.835,1406.673,1334.131,2962.973
"2012-10-22 05:10:00",20669,12.35,1180.825,1406.661,1334.12,2963.907
"2012-10-22 05:20:00",20670,12.35,1180.691,1406.502,1333.968,2963.912
"2012-10-22 05:30:00",20671,12.34,1180.635,1406.435,1333.905,2963.772
"2012-10-22 05:40:00",20672,12.34,1180.618,1406.414,1333.886,2963.729
"2012-10-22 05:50:00",20673,12.38,1180.612,1406.408,1333.88,2963.715
"2012-10-22 06:00:00",20674,12.42,1180.679,1406.475,1333.878,2963.712
"2012-10-22 06:10:00",20675,12.45,1180.952,1407.501,1333.878,2964.874
"2012-10-22 06:20:00",20676,12.45,1181.637,1407.706,1333.878,2965.079
"2012-10-22 06:30:00",20677,12.53,1181.979,1407.774,1333.878,2965.079
"2012-10-22 06:40:00",20678,12.62,1181.979,1407.774,1334.22,2965.079
"2012-10-22 06:50:00",20679,12.69,1181.979,1407.774,1335.246,2965.079
"2012-10-22 07:00:00",20680,12.83,1182.868,1407.774,1335.999,2965.079
"2012-10-22 07:10:00",20681,12.9,1183.347,1407.774,1336.615,2965.832
"2012-10-22 07:20:00",20682,12.94,1183.318,1407.739,1336.581,2966.374
"2012-10-22 07:30:00",20683,13.09,1183.151,1407.541,1336.393,2965.955
"2012-10-22 07:40:00",20684,13.01,1183.091,1407.47,1336.325,2966.49
"2012-10-22 07:50:00",20685,12.96,1183.055,1407.426,1336.216,2966.535
"2012-10-22 08:00:00",20686,13.23,1182.873,1407.373,1334.934,2965.739
"2012-10-22 08:10:00",20687,13.31,1181.599,1406.638,1334.68,2965.494
"2012-10-22 08:20:00",20688,13.43,1181.582,1406.208,1334.251,2965.178
"2012-10-22 08:30:00",20689,13.96,1181.577,1405.723,1334.382,2964.96
"2012-10-22 08:40:00",20690,13.68,1181.575,1405.515,1334.517,2964.956
"2012-10-22 08:50:00",20691,13.62,1181.575,1405.925,1334.379,2965.296
"2012-10-22 09:00:00",20692,13.59,1180.823,1405.925,1334.653,2964.886
"2012-10-22 09:10:00",20693,13.7,1180.412,1405.857,1334.243,2964.271
"2012-10-22 09:20:00",20694,13.8,1181.586,1405.049,1334.529,2964.23
"2012-10-22 09:30:00",20695,13.77,1181.593,1404.853,1334.332,2964.18
"2012-10-22 09:40:00",20696,13.58,1181.58,1404.427,1333.838,2964.079
"2012-10-22 09:50:00",20697,13.68,1181.371,1404.285,1333.287,2963.932
"2012-10-22 10:00:00",20698,13.69,1180.549,1403.942,1333.285,2963.451
"2012-10-22 10:10:00",20699,13.69,1180.196,1403.449,1332.52,2962.122
"2012-10-22 10:20:00",20700,13.67,1180.101,1402.789,1333.028,2962.02
"2012-10-22 10:30:00",20701,13.83,1179.515,1402.58,1333.103,2960.895
"2012-10-22 10:40:00",20702,13.71,1179.021,1402.755,1333.077,2960.48
"2012-10-22 10:50:00",20703,13.78,1178.448,1402.518,1333.526,2960.345
"2012-10-22 11:00:00",20704,13.82,1178.439,1402.714,1333.038,2960.256
"2012-10-22 11:10:00",20705,13.85,1178.437,1402.506,1332.899,2960.456
"2012-10-22 11:20:00",20706,13.87,1178.3,1402.573,1332.966,2960.317
"2012-10-22 11:30:00",20707,13.8,1178.348,1402.549,1332.602,2960.472
"2012-10-22 11:40:00",20708,14.03,1178.399,1402.597,1332.651,2960.156
"2012-10-22 11:50:00",20709,13.59,1177.946,1402.149,1332.132,2960.288
"2012-10-22 12:00:00",20710,13.58,1177.065,1402.364,1332.141,2960.239
"2012-10-22 12:10:00",20711,13.64,1177.067,1401.956,1331.802,2960.04
"2012-10-22 12:20:00",20712,13.51,1177.068,1401.888,1331.94,2959.905
"2012-10-22 12:30:00",20713,13.24,1177.068,1401.205,1331.94,2959.29
"2012-10-22 12:40:00",20714,13.49,1177.068,1402.025,1331.598,2960.248
"2012-10-22 12:50:00",20715,13.71,1177.068,1402.709,1331.598,2960.316
"2012-10-22 13:00:00",20716,13.69,1178.162,1402.846,1332.487,2960.316
"2012-10-22 13:10:00",20717,13.76,1177.91,1402.597,1332.237,2960.368
"2012-10-22 13:20:00",20718,13.88,1178.606,1402.912,1332.337,2960.743
"2012-10-22 13:30:00",20719,13.82,1178.765,1403.169,1332.38,2960.527
"2012-10-22 13:40:00",20720,14.06,1178.808,1403.084,1332.429,2961.046
"2012-10-22 13:50:00",20721,13.67,1178.695,1402.744,1332.096,2960.488
"2012-10-22 14:00:00",20722,14.1,1178.522,1402.538,1331.764,2959.917
"2012-10-22 14:10:00",20723,13.61,1178.394,1402.194,1332.176,2959.768
"2012-10-22 14:20:00",20724,13.64,1178.444,1402.24,1331.881,2959.584
"2012-10-22 14:30:00",20725,13.7,1178.37,1402.097,1331.601,2959.092
"2012-10-22 14:40:00",20726,13.58,1178.573,1402.163,1331.667,2958.951
"2012-10-22 14:50:00",20727,13.46,1178.436,1402.368,1331.599,2959.838
"2012-10-22 15:00:00",20728,13.63,1177.205,1401.958,1331.598,2958.949
"2012-10-22 15:10:00",20729,13.75,1178.094,1402.368,1331.462,2958.949
"2012-10-22 15:20:00",20730,13.69,1178.299,1402.436,1331.735,2959.154
"2012-10-22 15:30:00",20731,13.29,1178.299,1402.573,1331.735,2959.086
"2012-10-22 15:40:00",20732,13.78,1177.479,1402.505,1331.598,2959.154
"2012-10-22 15:50:00",20733,13.59,1177.205,1402.641,1331.598,2959.086
"2012-10-22 16:00:00",20734,13.71,1177.069,1402.436,1331.735,2959.291
"2012-10-22 16:10:00",20735,13.57,1177.069,1402.163,1331.598,2959.018
"2012-10-22 16:20:00",20736,13.36,1177.069,1402.71,1331.598,2959.359
"2012-10-22 16:30:00",20737,13.17,1177.174,1402.698,1331.786,2960.24
"2012-10-22 16:40:00",20738,13.51,1177.29,1403.042,1332.396,2960.873
"2012-10-22 16:50:00",20739,13.49,1177.824,1404.215,1333.357,2961.185
"2012-10-22 17:00:00",20740,13.03,1178.821,1404.468,1333.197,2961.285
"2012-10-22 17:10:00",20741,13.41,1178.833,1404.551,1333.416,2961.315
"2012-10-22 17:20:00",20742,13.05,1179.111,1404.418,1333.283,2961.598
"2012-10-22 17:30:00",20743,12.87,1179.569,1404.612,1333.474,2961.445
"2012-10-22 17:40:00",20744,12.79,1179.969,1404.681,1333.539,2961.659
"2012-10-22 17:50:00",20745,12.7,1180.294,1404.661,1333.452,2961.89
"2012-10-22 18:00:00",20746,12.7,1180.367,1404.611,1333.603,2961.732
"2012-10-22 18:10:00",20747,12.66,1180.523,1404.797,1333.642,2962.26
"2012-10-22 18:20:00",20748,12.65,1180.583,1404.937,1333.71,2962.274
"2012-10-22 18:30:00",20749,12.64,1180.602,1405.028,1333.868,2962.321
"2012-10-22 18:40:00",20750,12.64,1180.608,1404.761,1333.601,2962.746
"2012-10-22 18:50:00",20751,12.63,1180.609,1405.036,1334.013,2963.161
"2012-10-22 19:00:00",20752,12.62,1180.61,1404.9,1333.877,2963.572
"2012-10-22 19:10:00",20753,12.62,1180.61,1405.037,1334.014,2963.572
"2012-10-22 19:20:00",20754,12.61,1180.61,1405.037,1333.877,2963.709
"2012-10-22 19:30:00",20755,12.61,1180.61,1405.037,1333.877,2963.709
"2012-10-22 19:40:00",20756,12.6,1180.61,1405.037,1334.014,2963.846
"2012-10-22 19:50:00",20757,12.6,1180.61,1405.037,1334.014,2964.53
"2012-10-22 20:00:00",20758,12.6,1180.61,1405.037,1333.877,2964.873
"2012-10-22 20:10:00",20759,12.59,1180.61,1405.037,1333.877,2964.804
"2012-10-22 20:20:00",20760,12.59,1180.61,1405.037,1333.877,2964.873
"2012-10-22 20:30:00",20761,12.58,1180.61,1405.037,1334.014,2964.941
"2012-10-22 20:40:00",20762,12.58,1180.61,1405.037,1334.014,2965.078
"2012-10-22 20:50:00",20763,12.58,1180.61,1405.037,1334.014,2965.078
"2012-10-22 21:00:00",20764,12.58,1180.61,1405.174,1333.877,2965.078
"2012-10-22 21:10:00",20765,12.57,1180.61,1405.037,1333.877,2965.078
"2012-10-22 21:20:00",20766,12.57,1180.61,1405.037,1333.877,2965.078
"2012-10-22 21:30:00",20767,12.57,1180.656,1405.161,1333.93,2965.263
"2012-10-22 21:40:00",20768,12.57,1180.671,1405.109,1334.562,2965.23
"2012-10-22 21:50:00",20769,12.57,1180.683,1405.124,1334.575,2965.261
"2012-10-22 22:00:00",20770,12.56,1180.777,1405.235,1334.339,2965.497
"2012-10-22 22:10:00",20771,12.56,1180.823,1405.29,1334.87,2965.613
"2012-10-22 22:20:00",20772,12.56,1180.941,1405.268,1335.329,2965.567
"2012-10-22 22:30:00",20773,12.55,1181.048,1405.233,1334.884,2965.559
"2012-10-22 22:40:00",20774,12.55,1181.61,1405.332,1335.457,2965.768
"2012-10-22 22:50:00",20775,12.55,1181.838,1405.44,1335.629,2966.339
"2012-10-22 23:00:00",20776,12.55,1182.309,1406.046,1335.62,2966.456
"2012-10-22 23:10:00",20777,12.55,1182.28,1406.49,1335.586,2967.135
"2012-10-22 23:20:00",20778,12.54,1182.282,1406.767,1335.589,2967.209
"2012-10-22 23:30:00",20779,12.54,1182.3,1406.788,1335.609,2967.253
"2012-10-22 23:40:00",20780,12.53,1182.249,1406.727,1335.551,2967.125
"2012-10-22 23:50:00",20781,12.53,1182.165,1406.627,1335.456,2966.914
"2012-10-23 00:00:00",20782,12.53,1182.122,1406.576,1335.408,2967.08
"2012-10-23 00:10:00",20783,12.53,1182.058,1406.5,1335.541,2967.262
"2012-10-23 00:20:00",20784,12.52,1182.025,1406.46,1335.298,2967.52
"2012-10-23 00:30:00",20785,12.52,1181.997,1406.427,1335.471,2967.655
"2012-10-23 00:40:00",20786,12.52,1181.984,1406.138,1335.252,2967.693
"2012-10-23 00:50:00",20787,12.51,1181.98,1405.86,1335.385,2967.614
"2012-10-23 01:00:00",20788,12.51,1181.979,1406.406,1335.315,2967.816
"2012-10-23 01:10:00",20789,12.5,1181.983,1406.411,1335.182,2967.826
"2012-10-23 01:20:00",20790,12.5,1182.081,1406.527,1335.704,2968.073
"2012-10-23 01:30:00",20791,12.5,1182.151,1406.474,1335.441,2968.112
"2012-10-23 01:40:00",20792,12.49,1182.244,1406.722,1335.683,2968.482
"2012-10-23 01:50:00",20793,12.49,1182.301,1406.789,1335.61,2968.625
"2012-10-23 02:00:00",20794,12.48,1182.343,1406.839,1335.794,2968.729
"2012-10-23 02:10:00",20795,12.48,1182.359,1406.859,1335.744,2968.772
"2012-10-23 02:20:00",20796,12.47,1182.376,1406.878,1335.695,2968.813
"2012-10-23 02:30:00",20797,12.46,1182.381,1406.884,1335.7,2968.825
"2012-10-23 02:40:00",20798,12.46,1182.382,1406.886,1335.702,2968.829
"2012-10-23 02:50:00",20799,12.45,1182.383,1406.886,1335.702,2968.83
"2012-10-23 03:00:00",20800,12.44,1182.383,1406.886,1335.702,2968.83
"2012-10-23 03:10:00",20801,12.43,1182.383,1406.886,1335.702,2968.83
"2012-10-23 03:20:00",20802,12.42,1182.383,1406.886,1335.702,2968.967
"2012-10-23 03:30:00",20803,12.42,1182.383,1406.886,1335.702,2970.062
"2012-10-23 03:40:00",20804,12.41,1182.383,1406.886,1335.771,2970.199
"2012-10-23 03:50:00",20805,12.4,1182.383,1406.886,1336.455,2970.199
"2012-10-23 04:00:00",20806,12.4,1182.383,1406.886,1336.387,2970.199
"2012-10-23 04:10:00",20807,12.4,1182.337,1406.833,1336.883,2970.085
"2012-10-23 04:20:00",20808,12.39,1182.254,1406.733,1336.857,2969.875
"2012-10-23 04:30:00",20809,12.39,1182.125,1406.58,1336.78,2969.553
"2012-10-23 04:40:00",20810,12.38,1182.032,1406.469,1336.675,2969.318
"2012-10-23 04:50:00",20811,12.38,1181.995,1406.425,1336.633,2969.225
"2012-10-23 05:00:00",20812,12.38,1182.189,1406.411,1336.62,2969.196
"2012-10-23 05:10:00",20813,12.38,1182.391,1406.407,1336.616,2969.188
"2012-10-23 05:20:00",20814,12.38,1182.595,1406.406,1336.615,2969.185
"2012-10-23 05:30:00",20815,12.39,1183.073,1406.406,1336.615,2969.252
"2012-10-23 05:40:00",20816,12.49,1183.21,1406.406,1336.615,2969.526
"2012-10-23 05:50:00",20817,12.53,1183.347,1406.406,1336.615,2970.484
"2012-10-23 06:00:00",20818,12.46,1183.347,1406.406,1336.615,2970.553
"2012-10-23 06:10:00",20819,12.48,1183.347,1406.406,1336.615,2970.553
"2012-10-23 06:20:00",20820,12.57,1183.347,1406.543,1336.615,2970.553
"2012-10-23 06:30:00",20821,12.65,1183.347,1406.885,1336.615,2970.553
"2012-10-23 06:40:00",20822,12.83,1183.347,1407.569,1336.615,2970.553
"2012-10-23 06:50:00",20823,12.72,1183.347,1406.885,1336.615,2970.553
"2012-10-23 07:00:00",20824,12.82,1183.347,1406.816,1336.615,2970.553
"2012-10-23 07:10:00",20825,12.95,1183.347,1407.227,1336.615,2970.553
"2012-10-23 07:20:00",20826,13.09,1183.347,1406.816,1336.615,2970.553
"2012-10-23 07:30:00",20827,13.1,1183.347,1407.295,1336.615,2970.553
"2012-10-23 07:40:00",20828,13.55,1183.343,1407.496,1336.61,2970.542
"2012-10-23 07:50:00",20829,13.48,1183.187,1406.968,1336.433,2970.15
"2012-10-23 08:00:00",20830,13.7,1183.065,1406.755,1336.296,2969.844
"2012-10-23 08:10:00",20831,13.48,1183.15,1406.171,1336.391,2970.056
"2012-10-23 08:20:00",20832,13.57,1183.096,1406.107,1336.33,2969.921
"2012-10-23 08:30:00",20833,13.76,1182.99,1405.981,1336.211,2969.588
"2012-10-23 08:40:00",20834,13.77,1182.957,1405.942,1336.173,2969.572
"2012-10-23 08:50:00",20835,13.61,1182.947,1405.93,1336.162,2969.548
"2012-10-23 09:00:00",20836,13.75,1182.944,1405.858,1336.159,2969.403
"2012-10-23 09:10:00",20837,13.69,1182.327,1405.926,1336.158,2969.538
"2012-10-23 09:20:00",20838,13.51,1181.495,1404.667,1336.067,2969.336
"2012-10-23 09:30:00",20839,13.75,1181.354,1404.295,1335.772,2968.983
"2012-10-23 09:40:00",20840,13.77,1181.23,1404.147,1335.767,2968.669
"2012-10-23 09:50:00",20841,13.93,1181.188,1404.234,1335.583,2968.564
"2012-10-23 10:00:00",20842,13.62,1181.188,1404.644,1335.72,2968.495
"2012-10-23 10:10:00",20843,13.88,1181.192,1404.444,1335.656,2968.574
"2012-10-23 10:20:00",20844,13.88,1181.177,1404.084,1335.298,2968.195
"2012-10-23 10:30:00",20845,13.81,1181.173,1404.079,1335.703,2968.389
"2012-10-23 10:40:00",20846,13.98,1181.172,1404.078,1335.428,2968.181
"2012-10-23 10:50:00",20847,13.51,1181.171,1404.077,1335.564,2967.565
"2012-10-23 11:00:00",20848,13.6,1181.171,1404.077,1335.564,2967.155
"2012-10-23 11:10:00",20849,13.84,1181.103,1404.077,1335.701,2967.565
"2012-10-23 11:20:00",20850,13.88,1181.034,1404.077,1335.701,2967.086
