"TOA5","Kanga_Sap03A","CR1000","33596","CR1000.Std.19","CPU:UTS_SAP02_3A_Dendro24hrMinMaxHMP45.cr1","46354","DendroTenMinOutput"
"TIMESTAMP","RECORD","Batt_Volt_Avg","Dendro_Avg(1)","Dendro_Avg(2)","Dendro_Avg(3)","Dendro_Avg(4)"
"TS","RN","Volts","mV","mV","mV","mV"
"","","Avg","Avg","Avg","Avg","Avg"
"2012-09-07 16:20:00",14256,12.51,1151.342,1379.659,1223.572,2775.282
"2012-09-07 16:30:00",14257,12.48,1150.453,1379.044,1223.23,2775.555
"2012-09-07 16:40:00",14258,12.45,1150.198,1378.874,1222.501,2775.491
"2012-09-07 16:50:00",14259,12.44,1150.239,1379.813,1224.05,2775.591
"2012-09-07 17:00:00",14260,12.4,1150.193,1379.074,1223.249,2775.344
"2012-09-07 17:10:00",14261,12.38,1150.163,1379.654,1223.423,2775.409
"2012-09-07 17:20:00",14262,12.36,1150.343,1379.911,1223.742,2775.923
"2012-09-07 17:30:00",14263,12.35,1151.101,1380.054,1224.022,2776.347
"2012-09-07 17:40:00",14264,12.34,1151.465,1380.217,1224.386,2775.715
"2012-09-07 17:50:00",14265,12.33,1151.723,1380.773,1225.2,2776.418
"2012-09-07 18:00:00",14266,12.33,1151.806,1381.489,1225.152,2777.577
"2012-09-07 18:10:00",14267,12.33,1151.848,1381.607,1225.606,2777.266
"2012-09-07 18:20:00",14268,12.32,1152.686,1381.354,1226.309,2777.856
"2012-09-07 18:30:00",14269,12.31,1153.239,1381.497,1225.63,2778.21
"2012-09-07 18:40:00",14270,12.31,1153.24,1381.978,1226.521,2778.556
"2012-09-07 18:50:00",14271,12.31,1153.172,1382.047,1225.906,2778.831
"2012-09-07 19:00:00",14272,12.31,1153.241,1382.184,1226.864,2778.42
"2012-09-07 19:10:00",14273,12.31,1153.446,1382.526,1226.864,2778.831
"2012-09-07 19:20:00",14274,12.31,1153.378,1382.594,1226.727,2779.104
"2012-09-07 19:30:00",14275,12.3,1153.788,1383.141,1227.137,2779.104
"2012-09-07 19:40:00",14276,12.3,1154.267,1383.005,1226.727,2778.967
"2012-09-07 19:50:00",14277,12.29,1154.062,1382.526,1227.069,2778.831
"2012-09-07 20:00:00",14278,12.29,1154.472,1382.868,1227.137,2778.694
"2012-09-07 20:10:00",14279,12.29,1154.472,1382.868,1227.274,2778.694
"2012-09-07 20:20:00",14280,12.28,1154.609,1383.141,1227.685,2779.104
"2012-09-07 20:30:00",14281,12.27,1154.609,1382.115,1227.206,2778.967
"2012-09-07 20:40:00",14282,12.27,1154.609,1382.389,1227.479,2779.515
"2012-09-07 20:50:00",14283,12.27,1154.472,1381.705,1227.548,2779.241
"2012-09-07 21:00:00",14284,12.26,1154.472,1382.594,1227.958,2778.968
"2012-09-07 21:10:00",14285,12.26,1154.678,1382.047,1226.864,2779.31
"2012-09-07 21:20:00",14286,12.26,1154.746,1381.91,1227.958,2779.378
"2012-09-07 21:30:00",14287,12.27,1154.814,1382.662,1227.411,2779.173
"2012-09-07 21:40:00",14288,12.26,1155.088,1382.731,1228.164,2779.789
"2012-09-07 21:50:00",14289,12.25,1155.499,1383.005,1228.711,2779.926
"2012-09-07 22:00:00",14290,12.24,1154.951,1382.868,1228.506,2779.926
"2012-09-07 22:10:00",14291,12.24,1155.362,1382.662,1228.643,2779.926
"2012-09-07 22:20:00",14292,12.24,1154.814,1382.457,1227.753,2779.926
"2012-09-07 22:30:00",14293,12.24,1155.567,1382.594,1228.437,2780.199
"2012-09-07 22:40:00",14294,12.24,1155.156,1382.457,1228.574,2779.857
"2012-09-07 22:50:00",14295,12.24,1155.293,1382.662,1228.164,2779.789
"2012-09-07 23:00:00",14296,12.23,1155.43,1382.457,1228.027,2779.789
"2012-09-07 23:10:00",14297,12.24,1155.772,1382.594,1227.89,2780.268
"2012-09-07 23:20:00",14298,12.23,1155.772,1383.005,1228.301,2779.926
"2012-09-07 23:30:00",14299,12.23,1155.909,1382.594,1228.643,2779.857
"2012-09-07 23:40:00",14300,12.23,1155.567,1382.252,1228.232,2780.062
"2012-09-07 23:50:00",14301,12.23,1155.43,1382.252,1228.437,2779.857
"2012-09-08 00:00:00",14302,12.23,1155.978,1382.731,1228.711,2780.268
"2012-09-08 00:10:00",14303,12.23,1155.909,1383.073,1229.395,2780.336
"2012-09-08 00:20:00",14304,12.22,1155.841,1382.594,1229.327,2780.473
"2012-09-08 00:30:00",14305,12.22,1155.978,1383.073,1229.532,2780.131
"2012-09-08 00:40:00",14306,12.22,1155.841,1383.005,1229.122,2780.062
"2012-09-08 00:50:00",14307,12.22,1155.841,1382.868,1229.532,2780.199
"2012-09-08 01:00:00",14308,12.22,1155.978,1382.868,1229.122,2779.926
"2012-09-08 01:10:00",14309,12.22,1155.841,1383.005,1229.19,2780.473
"2012-09-08 01:20:00",14310,12.22,1155.841,1382.868,1229.327,2780.199
"2012-09-08 01:30:00",14311,12.21,1155.704,1382.868,1229.395,2780.199
"2012-09-08 01:40:00",14312,12.21,1155.567,1382.526,1228.848,2780.062
"2012-09-08 01:50:00",14313,12.21,1155.499,1382.594,1229.053,2780.268
"2012-09-08 02:00:00",14314,12.2,1155.772,1383.005,1229.532,2780.542
"2012-09-08 02:10:00",14315,12.2,1155.635,1383.005,1229.464,2780.199
"2012-09-08 02:20:00",14316,12.2,1155.772,1383.005,1229.19,2780.336
"2012-09-08 02:30:00",14317,12.2,1155.088,1383.005,1228.985,2780.61
"2012-09-08 02:40:00",14318,12.2,1155.02,1383.005,1229.532,2780.268
"2012-09-08 02:50:00",14319,12.2,1154.883,1383.141,1229.532,2780.199
"2012-09-08 03:00:00",14320,12.19,1154.678,1383.141,1229.395,2780.473
"2012-09-08 03:10:00",14321,12.19,1154.609,1383.073,1228.78,2780.268
"2012-09-08 03:20:00",14322,12.18,1154.656,1382.924,1229.104,2780.518
"2012-09-08 03:30:00",14323,12.18,1154.812,1383.316,1229.68,2780.688
"2012-09-08 03:40:00",14324,12.18,1154.906,1383.141,1229.638,2780.612
"2012-09-08 03:50:00",14325,12.18,1155.007,1383.454,1229.604,2780.964
"2012-09-08 04:00:00",14326,12.18,1154.943,1383.405,1229.546,2781.141
"2012-09-08 04:10:00",14327,12.17,1155.256,1383.588,1229.929,2781.098
"2012-09-08 04:20:00",14328,12.17,1155.09,1383.417,1229.557,2781.166
"2012-09-08 04:30:00",14329,12.17,1154.967,1383.57,1229.708,2781.404
"2012-09-08 04:40:00",14330,12.17,1155.602,1383.388,1229.455,2781.313
"2012-09-08 04:50:00",14331,12.16,1155.478,1383.609,1230.084,2781.754
"2012-09-08 05:00:00",14332,12.16,1155.413,1383.613,1230.02,2781.558
"2012-09-08 05:10:00",14333,12.16,1155.278,1383.614,1230.158,2781.561
"2012-09-08 05:20:00",14334,12.16,1155.346,1383.615,1230.295,2781.972
"2012-09-08 05:30:00",14335,12.16,1155.004,1383.546,1229.884,2781.767
"2012-09-08 05:40:00",14336,12.15,1155.004,1383.204,1229.884,2782.041
"2012-09-08 05:50:00",14337,12.15,1155.004,1383.615,1230.158,2781.698
"2012-09-08 06:00:00",14338,12.14,1155.004,1383.752,1230.158,2782.041
"2012-09-08 06:10:00",14339,12.14,1155.073,1383.615,1229.747,2782.109
"2012-09-08 06:20:00",14340,12.14,1155.004,1383.615,1230.295,2782.246
"2012-09-08 06:30:00",14341,12.15,1155.209,1383.615,1230.295,2782.041
"2012-09-08 06:40:00",14342,12.17,1155.073,1383.615,1229.953,2782.041
"2012-09-08 06:50:00",14343,12.19,1155.004,1383.615,1230.158,2782.109
"2012-09-08 07:00:00",14344,12.22,1155.004,1383.615,1229.611,2781.835
"2012-09-08 07:10:00",14345,12.25,1155.004,1383.478,1229.474,2781.219
"2012-09-08 07:20:00",14346,12.29,1154.867,1383.341,1229.268,2781.288
"2012-09-08 07:30:00",14347,12.35,1154.964,1382.54,1228.747,2781.054
"2012-09-08 07:40:00",14348,12.35,1154.914,1382.481,1228.762,2780.798
"2012-09-08 07:50:00",14349,12.47,1154.354,1381.959,1227.714,2780.095
"2012-09-08 08:00:00",14350,12.45,1154.044,1381.834,1227.944,2780.254
"2012-09-08 08:10:00",14351,12.6,1153.667,1381.792,1227.564,2779.963
"2012-09-08 08:20:00",14352,12.91,1153.793,1381.505,1227.621,2780.074
"2012-09-08 08:30:00",14353,13.11,1154.611,1381.364,1227.55,2779.724
"2012-09-08 08:40:00",14354,12.97,1153.241,1380.405,1227.48,2779.79
"2012-09-08 08:50:00",14355,12.71,1153.237,1380.469,1227.955,2779.096
"2012-09-08 09:00:00",14356,12.67,1152.9,1380.188,1228.161,2778.943
"2012-09-08 09:10:00",14357,12.72,1152.425,1380.11,1227.818,2778.787
"2012-09-08 09:20:00",14358,12.91,1152.178,1379.663,1226.889,2778.714
"2012-09-08 09:30:00",14359,13.26,1152.897,1378.994,1226.78,2778.537
"2012-09-08 09:40:00",14360,13.42,1152.819,1378.764,1226.698,2778.418
"2012-09-08 09:50:00",14361,13.55,1152.05,1378.675,1226.953,2778.377
"2012-09-08 10:00:00",14362,13.47,1151.544,1378.369,1226.719,2778.244
"2012-09-08 10:10:00",14363,13.16,1151.606,1378.649,1226.854,2778.463
"2012-09-08 10:20:00",14364,13.11,1151.524,1378.483,1226.219,2778.538
"2012-09-08 10:30:00",14365,14.31,1151.493,1378.308,1225.98,2778.667
"2012-09-08 10:40:00",14366,13.89,1151.399,1378.264,1226.701,2778.371
"2012-09-08 10:50:00",14367,13.92,1151.191,1378.083,1226.48,2777.801
"2012-09-08 11:00:00",14368,13.49,1151.117,1377.995,1226.812,2777.282
"2012-09-08 11:10:00",14369,13.81,1152.326,1378.105,1226.925,2777.228
"2012-09-08 11:20:00",14370,14.05,1152.456,1378.166,1227.26,2776.939
"2012-09-08 11:30:00",14371,13.97,1152.45,1378.227,1226.98,2776.993
"2012-09-08 11:40:00",14372,14.01,1151.541,1377.792,1226.206,2777.217
"2012-09-08 11:50:00",14373,13.84,1151.079,1378.086,1226.155,2777.325
"2012-09-08 12:00:00",14374,13.65,1151.015,1377.955,1225.886,2777.063
"2012-09-08 12:10:00",14375,14.25,1150.401,1378.025,1225.273,2777.135
"2012-09-08 12:20:00",14376,14.16,1149.718,1377.957,1225,2777.478
"2012-09-08 12:30:00",14377,13.92,1149.718,1377.547,1225.205,2777.205
"2012-09-08 12:40:00",14378,13.19,1149.581,1376.931,1224.795,2776.931
"2012-09-08 12:50:00",14379,12.95,1149.513,1376.863,1224.931,2777.068
"2012-09-08 13:00:00",14380,13.16,1148.829,1376.726,1224.931,2776.794
"2012-09-08 13:10:00",14381,13.47,1148.76,1377,1224.795,2777.205
"2012-09-08 13:20:00",14382,13.3,1149.718,1377,1224.658,2776.589
"2012-09-08 13:30:00",14383,13.19,1149.513,1376.726,1224.384,2776.111
"2012-09-08 13:40:00",14384,13.02,1148.692,1377.136,1224.111,2776.042
"2012-09-08 13:50:00",14385,13.08,1148.35,1376.863,1224.111,2775.974
"2012-09-08 14:00:00",14386,13.02,1148.35,1376.726,1224.179,2775.769
"2012-09-08 14:10:00",14387,13.04,1148.35,1377,1223.769,2775.495
"2012-09-08 14:20:00",14388,13,1149.171,1377.136,1223.632,2775.7
"2012-09-08 14:30:00",14389,13.08,1149.376,1376.931,1223.837,2775.564
"2012-09-08 14:40:00",14390,13.04,1149.581,1376.726,1223.837,2775.427
"2012-09-08 14:50:00",14391,12.97,1149.718,1377,1223.427,2775.427
"2012-09-08 15:00:00",14392,13.06,1149.718,1376.863,1223.427,2775.29
"2012-09-08 15:10:00",14393,12.97,1149.718,1377.615,1223.427,2775.564
"2012-09-08 15:20:00",14394,13.01,1148.487,1377.957,1223.29,2775.153
"2012-09-08 15:30:00",14395,12.86,1148.829,1377.957,1223.564,2775.017
"2012-09-08 15:40:00",14396,12.94,1148.357,1377.966,1223.572,2775.375
"2012-09-08 15:50:00",14397,13.14,1148.391,1377.937,1223.607,2775.661
"2012-09-08 16:00:00",14398,12.92,1148.367,1377.841,1223.651,2775.673
"2012-09-08 16:10:00",14399,12.72,1148.378,1377.853,1223.593,2775.767
"2012-09-08 16:20:00",14400,12.62,1149.603,1377.916,1224.135,2776.028
"2012-09-08 16:30:00",14401,12.59,1149.871,1378.141,1224.138,2776.072
"2012-09-08 16:40:00",14402,12.55,1149.186,1378.44,1224.35,2776.672
"2012-09-08 16:50:00",14403,12.49,1148.848,1378.527,1224.359,2776.984
"2012-09-08 17:00:00",14404,12.45,1148.87,1378.759,1224.93,2776.969
"2012-09-08 17:10:00",14405,12.42,1149.834,1379.451,1225.347,2777.532
"2012-09-08 17:20:00",14406,12.39,1150.11,1379.932,1225.486,2777.674
"2012-09-08 17:30:00",14407,12.37,1150.111,1379.796,1225.487,2777.881
"2012-09-08 17:40:00",14408,12.37,1150.111,1379.933,1225.76,2777.949
"2012-09-08 17:50:00",14409,12.36,1150.646,1380.001,1226.915,2778.155
"2012-09-08 18:00:00",14410,12.35,1151.611,1380.091,1226.859,2778.337
"2012-09-08 18:10:00",14411,12.34,1151.587,1381.294,1226.834,2778.28
"2012-09-08 18:20:00",14412,12.33,1151.58,1381.286,1226.827,2778.4
"2012-09-08 18:30:00",14413,12.33,1152.325,1381.577,1227.511,2778.71
"2012-09-08 18:40:00",14414,12.32,1153.142,1381.723,1227.648,2778.797
"2012-09-08 18:50:00",14415,12.32,1153.148,1381.662,1228.407,2779.908
"2012-09-08 19:00:00",14416,12.32,1153.209,1382.214,1228.404,2779.986
"2012-09-08 19:10:00",14417,12.32,1153.368,1382.788,1228.496,2780.518
"2012-09-08 19:20:00",14418,12.32,1153.306,1383.001,1229.256,2780.535
"2012-09-08 19:30:00",14419,12.32,1153.377,1383.141,1229.395,2780.403
"2012-09-08 19:40:00",14420,12.32,1154.472,1383.141,1229.669,2780.952
"2012-09-08 19:50:00",14421,12.31,1154.609,1383.141,1229.464,2780.815
"2012-09-08 20:00:00",14422,12.31,1154.609,1383.141,1229.874,2780.952
"2012-09-08 20:10:00",14423,12.31,1154.609,1383.141,1229.874,2781.705
"2012-09-08 20:20:00",14424,12.31,1154.609,1383.141,1229.874,2781.705
"2012-09-08 20:30:00",14425,12.31,1154.609,1383.141,1229.874,2781.705
"2012-09-08 20:40:00",14426,12.31,1154.609,1383.141,1229.874,2781.705
"2012-09-08 20:50:00",14427,12.31,1154.814,1383.141,1229.874,2781.568
"2012-09-08 21:00:00",14428,12.31,1155.978,1383.141,1229.874,2781.705
"2012-09-08 21:10:00",14429,12.31,1155.772,1383.141,1229.874,2781.705
"2012-09-08 21:20:00",14430,12.31,1155.909,1383.141,1229.874,2781.705
"2012-09-08 21:30:00",14431,12.3,1155.978,1383.141,1229.874,2781.705
"2012-09-08 21:40:00",14432,12.3,1155.978,1383.278,1230.627,2781.705
"2012-09-08 21:50:00",14433,12.3,1155.978,1383.415,1230.49,2781.705
"2012-09-08 22:00:00",14434,12.3,1155.978,1383.141,1229.943,2781.705
"2012-09-08 22:10:00",14435,12.3,1155.978,1383.141,1231.037,2781.978
"2012-09-08 22:20:00",14436,12.3,1155.978,1383.963,1230.695,2782.047
"2012-09-08 22:30:00",14437,12.29,1155.978,1383.963,1231.106,2782.594
"2012-09-08 22:40:00",14438,12.29,1155.978,1384.236,1231.106,2782.662
"2012-09-08 22:50:00",14439,12.29,1155.978,1384.442,1231.243,2782.868
"2012-09-08 23:00:00",14440,12.29,1155.978,1384.51,1231.106,2783.073
"2012-09-08 23:10:00",14441,12.29,1155.978,1384.51,1231.311,2783.073
"2012-09-08 23:20:00",14442,12.28,1155.978,1384.51,1231.243,2783.004
"2012-09-08 23:30:00",14443,12.28,1155.978,1384.51,1231.106,2783.073
"2012-09-08 23:40:00",14444,12.28,1155.978,1384.51,1231.243,2783.073
"2012-09-08 23:50:00",14445,12.27,1155.978,1384.51,1231.243,2783.073
"2012-09-09 00:00:00",14446,12.27,1155.978,1384.51,1231.243,2783.073
"2012-09-09 00:10:00",14447,12.27,1155.978,1384.51,1231.243,2783.073
"2012-09-09 00:20:00",14448,12.27,1155.978,1384.51,1231.243,2783.073
"2012-09-09 00:30:00",14449,12.27,1155.978,1384.51,1231.243,2783.21
"2012-09-09 00:40:00",14450,12.27,1155.978,1384.51,1231.243,2783.073
"2012-09-09 00:50:00",14451,12.26,1155.978,1384.51,1231.243,2783.073
"2012-09-09 01:00:00",14452,12.26,1155.978,1384.51,1231.243,2783.073
"2012-09-09 01:10:00",14453,12.26,1155.978,1384.51,1231.243,2783.073
"2012-09-09 01:20:00",14454,12.26,1155.978,1384.51,1231.243,2783.073
"2012-09-09 01:30:00",14455,12.25,1155.978,1384.51,1231.243,2783.073
"2012-09-09 01:40:00",14456,12.25,1155.978,1384.51,1231.243,2783.073
"2012-09-09 01:50:00",14457,12.25,1155.978,1384.51,1231.243,2783.073
"2012-09-09 02:00:00",14458,12.25,1155.978,1384.51,1231.516,2783.21
"2012-09-09 02:10:00",14459,12.25,1155.978,1384.51,1232.269,2783.757
"2012-09-09 02:20:00",14460,12.25,1155.978,1384.647,1231.859,2784.304
"2012-09-09 02:30:00",14461,12.24,1155.978,1384.647,1231.859,2784.236
"2012-09-09 02:40:00",14462,12.24,1155.978,1384.647,1231.927,2784.441
"2012-09-09 02:50:00",14463,12.24,1155.978,1384.989,1232.338,2784.099
"2012-09-09 03:00:00",14464,12.24,1155.999,1385.083,1232.223,2784.082
"2012-09-09 03:10:00",14465,12.24,1155.989,1385.345,1232.487,2784.264
"2012-09-09 03:20:00",14466,12.24,1155.981,1385.678,1232.615,2784.382
"2012-09-09 03:30:00",14467,12.23,1155.979,1385.812,1232.202,2784.444
"2012-09-09 03:40:00",14468,12.23,1156.344,1385.018,1232.5,2784.362
"2012-09-09 03:50:00",14469,12.23,1156.673,1385.755,1232.623,2784.399
"2012-09-09 04:00:00",14470,12.23,1156.186,1385.746,1232.615,2784.381
"2012-09-09 04:10:00",14471,12.22,1157.347,1385.88,1232.339,2784.307
"2012-09-09 04:20:00",14472,12.22,1156.308,1385.946,1232.672,2784.578
"2012-09-09 04:30:00",14473,12.22,1156.152,1385.923,1232.651,2784.394
"2012-09-09 04:40:00",14474,12.21,1156.037,1385.95,1232.675,2784.449
"2012-09-09 04:50:00",14475,12.2,1156.063,1385.98,1232.702,2784.646
"2012-09-09 05:00:00",14476,12.19,1156.072,1385.992,1232.712,2784.533
"2012-09-09 05:10:00",14477,12.19,1156.135,1386.068,1232.78,2784.685
"2012-09-09 05:20:00",14478,12.19,1156.178,1386.119,1232.825,2784.719
"2012-09-09 05:30:00",14479,12.19,1156.272,1386.232,1232.926,2784.947
"2012-09-09 05:40:00",14480,12.2,1156.325,1386.295,1232.982,2785.142
"2012-09-09 05:50:00",14481,12.2,1156.359,1386.336,1233.018,2785.36
"2012-09-09 06:00:00",14482,12.19,1156.369,1386.348,1232.891,2784.837
"2012-09-09 06:10:00",14483,12.19,1156.372,1386.077,1232.895,2784.159
"2012-09-09 06:20:00",14484,12.19,1156.373,1386.147,1232.896,2784.025
"2012-09-09 06:30:00",14485,12.2,1156.373,1386.353,1232.828,2784.025
"2012-09-09 06:40:00",14486,12.22,1156.373,1386.284,1232.759,2784.025
"2012-09-09 06:50:00",14487,12.23,1156.373,1385.12,1231.938,2784.025
"2012-09-09 07:00:00",14488,12.25,1156.373,1384.984,1231.938,2784.025
"2012-09-09 07:10:00",14489,12.27,1156.373,1384.984,1231.664,2784.025
"2012-09-09 07:20:00",14490,12.3,1156.373,1384.984,1231.527,2783.888
"2012-09-09 07:30:00",14491,12.37,1156.373,1384.71,1231.527,2783.204
"2012-09-09 07:40:00",14492,12.37,1156.373,1384.025,1231.527,2782.93
"2012-09-09 07:50:00",14493,12.47,1156.357,1384.554,1231.442,2783.713
"2012-09-09 08:00:00",14494,12.45,1156.169,1383.575,1230.967,2783.396
"2012-09-09 08:10:00",14495,12.59,1156.038,1383.487,1231.17,2783.149
"2012-09-09 08:20:00",14496,13.13,1155.996,1384.532,1231.262,2783.117
"2012-09-09 08:30:00",14497,13.11,1155.983,1384.243,1231.112,2783.087
"2012-09-09 08:40:00",14498,13.04,1155.862,1383.003,1230.914,2782.588
"2012-09-09 08:50:00",14499,12.71,1155.506,1382.822,1230.959,2782.293
"2012-09-09 09:00:00",14500,12.65,1154.321,1382.796,1230.935,2781.762
"2012-09-09 09:10:00",14501,12.71,1153.777,1382.253,1230.939,2781.017
"2012-09-09 09:20:00",14502,12.8,1152.927,1381.398,1230.635,2780.812
"2012-09-09 09:30:00",14503,13.25,1152.899,1381.364,1229.51,2780.88
"2012-09-09 09:40:00",14504,13.35,1152.954,1381.006,1229.496,2780.849
"2012-09-09 09:50:00",14505,13.48,1152.89,1380.327,1229.5,2780.858
"2012-09-09 10:00:00",14506,13.73,1152.86,1379.948,1229.468,2780.785
"2012-09-09 10:10:00",14507,13.26,1152.851,1379.938,1229.39,2780.764
"2012-09-09 10:20:00",14508,13.16,1152.772,1379.857,1228.695,2780.738
"2012-09-09 10:30:00",14509,14.02,1152.694,1379.75,1227.923,2780.453
"2012-09-09 10:40:00",14510,14.24,1151.435,1379.484,1227.747,2779.986
"2012-09-09 10:50:00",14511,13.95,1151.109,1379.489,1228.444,2779.859
"2012-09-09 11:00:00",14512,13.55,1151.093,1379.47,1229.042,2779.82
"2012-09-09 11:10:00",14513,13.73,1151.072,1379.445,1229.02,2779.77
"2012-09-09 11:20:00",14514,13.81,1150.969,1379.241,1228.837,2779.358
"2012-09-09 11:30:00",14515,14.02,1150.896,1379.07,1228.617,2779.015
"2012-09-09 11:40:00",14516,13.97,1151.046,1378.8,1228.149,2778.472
"2012-09-09 11:50:00",14517,13.69,1150.543,1378.483,1227.161,2778.316
"2012-09-09 12:00:00",14518,13.93,1149.12,1378.594,1226.887,2778.056
"2012-09-09 12:10:00",14519,14.07,1148.969,1378.494,1226.798,2777.923
"2012-09-09 12:20:00",14520,14,1148.002,1378.277,1226.241,2777.83
"2012-09-09 12:30:00",14521,13.94,1147.777,1378.021,1225.687,2778.279
"2012-09-09 12:40:00",14522,13.07,1147.903,1377.557,1225.822,2777.627
"2012-09-09 12:50:00",14523,12.9,1147.942,1377.604,1225.863,2777.447
"2012-09-09 13:00:00",14524,13.03,1147.953,1377.617,1225.875,2777.475
"2012-09-09 13:10:00",14525,13.28,1146.608,1377.643,1225.898,2777.527
"2012-09-09 13:20:00",14526,13.27,1147.448,1377.668,1225.92,2777.576
"2012-09-09 13:30:00",14527,13.06,1147.761,1377.714,1225.961,2776.918
"2012-09-09 13:40:00",14528,12.97,1146.778,1377.684,1225.934,2776.447
"2012-09-09 13:50:00",14529,13.07,1146.763,1377.83,1226.064,2776.605
"2012-09-09 14:00:00",14530,13.05,1146.792,1377.865,1226.095,2776.675
"2012-09-09 14:10:00",14531,12.94,1146.759,1377.825,1226.06,2776.937
"2012-09-09 14:20:00",14532,12.94,1146.673,1377.722,1225.968,2776.455
"2012-09-09 14:30:00",14533,13,1146.728,1377.788,1226.027,2776.452
"2012-09-09 14:40:00",14534,13.02,1148.025,1377.867,1226.097,2776.611
"2012-09-09 14:50:00",14535,12.92,1148.271,1377.998,1226.146,2776.875
"2012-09-09 15:00:00",14536,13.01,1148.326,1378.954,1226.273,2777.01
"2012-09-09 15:10:00",14537,12.87,1148.343,1379.384,1226.291,2777.051
"2012-09-09 15:20:00",14538,12.88,1148.34,1379.449,1226.288,2777.044
"2012-09-09 15:30:00",14539,12.8,1148.329,1379.436,1226.276,2777.017
"2012-09-09 15:40:00",14540,12.87,1148.344,1379.454,1226.292,2777.053
"2012-09-09 15:50:00",14541,12.94,1148.349,1379.459,1226.297,2777.064
"2012-09-09 16:00:00",14542,12.79,1148.35,1379.461,1226.299,2777.067
"2012-09-09 16:10:00",14543,12.67,1148.35,1379.461,1226.299,2777.068
"2012-09-09 16:20:00",14544,12.6,1148.35,1379.461,1226.299,2777.068
"2012-09-09 16:30:00",14545,12.57,1148.35,1379.461,1226.299,2777.068
"2012-09-09 16:40:00",14546,12.54,1148.35,1380.555,1226.299,2777.068
"2012-09-09 16:50:00",14547,12.5,1148.35,1380.829,1226.299,2777.136
"2012-09-09 17:00:00",14548,12.47,1148.35,1380.829,1226.436,2777.136
"2012-09-09 17:10:00",14549,12.44,1148.624,1380.829,1227.667,2777.41
"2012-09-09 17:20:00",14550,12.43,1149.735,1380.85,1227.685,2778.204
"2012-09-09 17:30:00",14551,12.41,1149.895,1381.658,1227.856,2778.865
"2012-09-09 17:40:00",14552,12.4,1150.037,1382.375,1228.007,2779.207
"2012-09-09 17:50:00",14553,12.39,1150.225,1382.642,1228.062,2779.331
"2012-09-09 18:00:00",14554,12.39,1151.472,1382.661,1228.079,2779.37
"2012-09-09 18:10:00",14555,12.38,1151.477,1382.667,1228.358,2779.381
"2012-09-09 18:20:00",14556,12.38,1151.521,1382.719,1229.157,2779.487
"2012-09-09 18:30:00",14557,12.37,1151.561,1382.768,1229.405,2779.584
"2012-09-09 18:40:00",14558,12.36,1151.856,1382.875,1229.637,2779.8
"2012-09-09 18:50:00",14559,12.36,1153.102,1383.057,1229.799,2780.166
"2012-09-09 19:00:00",14560,12.35,1153.219,1383.115,1229.851,2780.284
"2012-09-09 19:10:00",14561,12.35,1153.234,1383.134,1229.867,2780.321
"2012-09-09 19:20:00",14562,12.34,1153.239,1383.139,1229.872,2780.332
"2012-09-09 19:30:00",14563,12.34,1153.24,1383.141,1229.874,2780.335
"2012-09-09 19:40:00",14564,12.33,1153.272,1383.179,1229.908,2780.413
"2012-09-09 19:50:00",14565,12.33,1153.47,1383.417,1230.119,2780.889
"2012-09-09 20:00:00",14566,12.32,1153.565,1383.53,1230.22,2781.117
"2012-09-09 20:10:00",14567,12.32,1153.614,1383.589,1230.272,2781.236
"2012-09-09 20:20:00",14568,12.32,1153.629,1383.607,1230.288,2781.272
"2012-09-09 20:30:00",14569,12.32,1154.523,1383.613,1230.293,2781.283
"2012-09-09 20:40:00",14570,12.31,1155.004,1383.614,1230.295,2781.287
"2012-09-09 20:50:00",14571,12.31,1155.004,1383.615,1230.295,2781.288
"2012-09-09 21:00:00",14572,12.31,1155.004,1383.615,1230.295,2781.288
"2012-09-09 21:10:00",14573,12.31,1155.004,1383.615,1230.295,2781.288
"2012-09-09 21:20:00",14574,12.3,1155.004,1383.615,1230.295,2781.288
"2012-09-09 21:30:00",14575,12.3,1155.004,1383.615,1230.774,2781.424
"2012-09-09 21:40:00",14576,12.3,1155.029,1383.645,1231.691,2781.758
"2012-09-09 21:50:00",14577,12.3,1155.033,1383.854,1231.695,2781.768
"2012-09-09 22:00:00",14578,12.29,1155.088,1383.851,1231.753,2781.899
"2012-09-09 22:10:00",14579,12.29,1155.138,1384.391,1231.806,2782.02
"2012-09-09 22:20:00",14580,12.29,1155.225,1384.496,1231.9,2782.3
"2012-09-09 22:30:00",14581,12.29,1155.303,1385.205,1231.983,2783.103
"2012-09-09 22:40:00",14582,12.29,1155.302,1385.272,1231.981,2783.1
"2012-09-09 22:50:00",14583,12.29,1155.3,1385.339,1231.98,2783.37
"2012-09-09 23:00:00",14584,12.29,1155.345,1385.393,1232.028,2783.479
"2012-09-09 23:10:00",14585,12.28,1155.373,1385.426,1232.057,2783.545
"2012-09-09 23:20:00",14586,12.28,1155.391,1385.448,1232.077,2783.59
"2012-09-09 23:30:00",14587,12.28,1155.397,1385.455,1232.083,2783.603
"2012-09-09 23:40:00",14588,12.28,1155.399,1385.457,1232.085,2783.607
"2012-09-09 23:50:00",14589,12.28,1155.399,1385.457,1232.085,2783.608
"2012-09-10 00:00:00",14590,12.27,1155.399,1385.457,1232.085,2783.608
"2012-09-10 00:10:00",14591,12.27,1155.399,1385.457,1232.085,2783.608
"2012-09-10 00:20:00",14592,12.27,1155.399,1385.457,1232.085,2783.608
"2012-09-10 00:30:00",14593,12.27,1155.399,1385.457,1232.085,2783.608
"2012-09-10 00:40:00",14594,12.26,1155.399,1385.457,1232.085,2783.608
"2012-09-10 00:50:00",14595,12.26,1155.399,1385.457,1232.085,2783.608
"2012-09-10 01:00:00",14596,12.26,1155.468,1385.457,1232.085,2783.608
"2012-09-10 01:10:00",14597,12.26,1155.673,1385.457,1232.222,2783.608
"2012-09-10 01:20:00",14598,12.26,1155.878,1385.457,1232.564,2783.608
"2012-09-10 01:30:00",14599,12.25,1155.947,1385.457,1233.455,2783.608
"2012-09-10 01:40:00",14600,12.25,1156.221,1385.457,1233.249,2783.608
"2012-09-10 01:50:00",14601,12.25,1156.495,1385.457,1233.249,2783.608
"2012-09-10 02:00:00",14602,12.25,1156.563,1385.457,1233.386,2783.608
"2012-09-10 02:10:00",14603,12.25,1156.426,1385.457,1233.455,2783.608
"2012-09-10 02:20:00",14604,12.24,1156.426,1385.457,1233.455,2783.608
"2012-09-10 02:30:00",14605,12.24,1156.631,1385.457,1233.455,2783.608
"2012-09-10 02:40:00",14606,12.24,1156.495,1385.457,1233.455,2783.608
"2012-09-10 02:50:00",14607,12.24,1156.631,1385.457,1233.455,2783.608
"2012-09-10 03:00:00",14608,12.24,1156.7,1385.457,1233.455,2783.608
"2012-09-10 03:10:00",14609,12.24,1156.7,1385.457,1233.455,2783.608
"2012-09-10 03:20:00",14610,12.23,1156.563,1385.457,1233.455,2783.608
"2012-09-10 03:30:00",14611,12.23,1156.7,1385.457,1233.455,2783.608
"2012-09-10 03:40:00",14612,12.23,1156.768,1385.457,1233.455,2783.608
"2012-09-10 03:50:00",14613,12.23,1156.768,1385.457,1233.455,2783.608
"2012-09-10 04:00:00",14614,12.22,1156.768,1385.457,1233.455,2783.608
"2012-09-10 04:10:00",14615,12.22,1156.768,1385.457,1233.455,2783.608
"2012-09-10 04:20:00",14616,12.22,1156.768,1386.073,1233.455,2783.608
"2012-09-10 04:30:00",14617,12.21,1156.768,1386.21,1233.455,2783.608
"2012-09-10 04:40:00",14618,12.21,1156.768,1386.758,1233.455,2783.677
"2012-09-10 04:50:00",14619,12.21,1156.768,1386.69,1233.455,2783.814
"2012-09-10 05:00:00",14620,12.21,1156.768,1386.758,1233.455,2784.499
"2012-09-10 05:10:00",14621,12.2,1156.768,1386.621,1233.455,2784.772
"2012-09-10 05:20:00",14622,12.2,1156.768,1386.758,1233.455,2784.978
"2012-09-10 05:30:00",14623,12.19,1156.768,1386.827,1233.455,2784.978
"2012-09-10 05:40:00",14624,12.19,1156.768,1386.827,1233.455,2784.978
"2012-09-10 05:50:00",14625,12.19,1156.768,1386.827,1233.455,2784.978
"2012-09-10 06:00:00",14626,12.18,1156.768,1386.827,1233.455,2784.978
"2012-09-10 06:10:00",14627,12.18,1156.768,1386.827,1233.455,2784.978
"2012-09-10 06:20:00",14628,12.18,1156.768,1386.827,1233.797,2784.978
"2012-09-10 06:30:00",14629,12.19,1156.768,1386.827,1234.413,2784.978
"2012-09-10 06:40:00",14630,12.21,1156.768,1386.827,1234.824,2784.978
"2012-09-10 06:50:00",14631,12.23,1156.768,1386.827,1234.824,2784.978
"2012-09-10 07:00:00",14632,12.25,1156.768,1386.827,1234.824,2784.978
"2012-09-10 07:10:00",14633,12.28,1156.768,1386.827,1234.824,2785.457
"2012-09-10 07:20:00",14634,12.31,1156.768,1386.827,1234.824,2786.279
"2012-09-10 07:30:00",14635,12.41,1156.768,1386.827,1234.824,2786.347
"2012-09-10 07:40:00",14636,12.4,1157.453,1386.827,1234.824,2786.347
"2012-09-10 07:50:00",14637,12.5,1158.038,1386.707,1234.718,2786.655
"2012-09-10 08:00:00",14638,12.48,1157.845,1386.476,1234.511,2787.011
"2012-09-10 08:10:00",14639,12.66,1157.756,1386.37,1234.417,2786.798
"2012-09-10 08:20:00",14640,13.19,1157.518,1386.084,1234.163,2786.224
"2012-09-10 08:30:00",14641,13.24,1157.38,1385.92,1234.016,2786.235
"2012-09-10 08:40:00",14642,13.17,1157.164,1385.66,1233.786,2785.987
"2012-09-10 08:50:00",14643,12.79,1155.993,1385.144,1233.631,2785.09
"2012-09-10 09:00:00",14644,12.69,1155.399,1384.062,1233.854,2785.045
"2012-09-10 09:10:00",14645,12.76,1154.221,1383.908,1234.523,2784.873
"2012-09-10 09:20:00",14646,12.87,1154.011,1382.74,1233.423,2784.863
"2012-09-10 09:30:00",14647,13.22,1152.848,1382.67,1233.012,2784.723
"2012-09-10 09:40:00",14648,13.38,1152.785,1382.595,1232.124,2784.709
"2012-09-10 09:50:00",14649,13.6,1152.651,1382.434,1231.98,2784.383
"2012-09-10 10:00:00",14650,13.92,1152.523,1382.144,1231.844,2784.076
"2012-09-10 10:10:00",14651,13.46,1151.791,1380.992,1231.792,2783.958
"2012-09-10 10:20:00",14652,13.28,1151.092,1380.837,1231.024,2783.922
"2012-09-10 10:30:00",14653,13.71,1151.087,1380.831,1230.814,2783.911
"2012-09-10 10:40:00",14654,14.19,1151.075,1380.817,1230.391,2784.291
"2012-09-10 10:50:00",14655,13.82,1150.908,1380.617,1230.759,2783.409
"2012-09-10 11:00:00",14656,13.77,1150.726,1380.467,1231.385,2783.105
"2012-09-10 11:10:00",14657,13.92,1150.461,1380.148,1231.1,2782.326
"2012-09-10 11:20:00",14658,14.04,1150.349,1380.834,1230.981,2781.988
"2012-09-10 11:30:00",14659,14.06,1150.315,1380.246,1230.876,2782.041
"2012-09-10 11:40:00",14660,13.82,1150.304,1379.892,1230.728,2781.059
"2012-09-10 11:50:00",14661,13.9,1150.233,1379.888,1229.563,2781.051
"2012-09-10 12:00:00",14662,14.03,1149.412,1379.819,1229.562,2780.981
"2012-09-10 12:10:00",14663,13.54,1148.934,1379.819,1229.562,2781.117
"2012-09-10 12:20:00",14664,13.66,1148.182,1379.75,1228.537,2780.639
"2012-09-10 12:30:00",14665,13.92,1147.567,1378.657,1228.196,2780.502
"2012-09-10 12:40:00",14666,13.14,1147.567,1378.52,1228.196,2780.571
"2012-09-10 12:50:00",14667,12.96,1147.567,1378.52,1228.196,2780.434
"2012-09-10 13:00:00",14668,13.11,1147.567,1378.52,1228.196,2779.341
"2012-09-10 13:10:00",14669,13.34,1146.747,1378.52,1228.196,2779.273
"2012-09-10 13:20:00",14670,13.36,1147.567,1378.52,1228.196,2779.204
"2012-09-10 13:30:00",14671,13.1,1147.567,1378.52,1228.196,2777.906
"2012-09-10 13:40:00",14672,13.04,1147.567,1378.52,1228.196,2777.906
"2012-09-10 13:50:00",14673,13.2,1146.269,1378.52,1228.196,2777.906
"2012-09-10 14:00:00",14674,13.07,1146.269,1378.52,1228.059,2777.906
"2012-09-10 14:10:00",14675,12.98,1146.269,1378.52,1228.059,2777.838
"2012-09-10 14:20:00",14676,12.99,1146.269,1378.52,1228.196,2777.223
"2012-09-10 14:30:00",14677,13.05,1147.02,1378.52,1228.196,2776.403
"2012-09-10 14:40:00",14678,13.11,1147.567,1378.52,1228.196,2776.54
"2012-09-10 14:50:00",14679,12.95,1147.567,1378.93,1228.196,2776.54
"2012-09-10 15:00:00",14680,13.03,1147.567,1379.887,1228.196,2776.54
"2012-09-10 15:10:00",14681,12.89,1147.634,1379.967,1228.267,2776.701
"2012-09-10 15:20:00",14682,12.89,1147.798,1380.643,1228.443,2777.098
"2012-09-10 15:30:00",14683,12.84,1148.518,1380.701,1228.555,2777.352
"2012-09-10 15:40:00",14684,12.94,1149.24,1380.885,1228.597,2777.447
"2012-09-10 15:50:00",14685,12.91,1149.32,1381.445,1228.609,2777.475
"2012-09-10 16:00:00",14686,12.8,1149.324,1381.381,1228.613,2777.551
"2012-09-10 16:10:00",14687,12.71,1149.325,1381.724,1228.887,2778.648
"2012-09-10 16:20:00",14688,12.65,1149.325,1381.724,1229.981,2778.854
"2012-09-10 16:30:00",14689,12.63,1150.357,1381.814,1230.061,2779.034
"2012-09-10 16:40:00",14690,12.59,1150.955,1382.04,1230.262,2779.488
"2012-09-10 16:50:00",14691,12.54,1151.047,1382.355,1230.36,2779.709
"2012-09-10 17:00:00",14692,12.5,1151.074,1383.482,1230.663,2780.39
"2012-09-10 17:10:00",14693,12.47,1151.082,1383.56,1231.56,2781.162
"2012-09-10 17:20:00",14694,12.45,1151.563,1383.563,1231.768,2781.168
"2012-09-10 17:30:00",14695,12.43,1152.453,1383.564,1231.769,2781.17
"2012-09-10 17:40:00",14696,12.43,1152.453,1383.564,1231.769,2781.17
"2012-09-10 17:50:00",14697,12.42,1152.453,1384.316,1231.769,2781.17
"2012-09-10 18:00:00",14698,12.42,1152.453,1384.726,1231.769,2781.17
"2012-09-10 18:10:00",14699,12.41,1152.558,1384.99,1231.882,2781.425
"2012-09-10 18:20:00",14700,12.41,1152.75,1385.288,1232.087,2781.888
"2012-09-10 18:30:00",14701,12.4,1153.98,1385.37,1232.159,2782.188
"2012-09-10 18:40:00",14702,12.4,1154.206,1385.395,1232.181,2783.059
"2012-09-10 18:50:00",14703,12.4,1154.212,1385.402,1232.188,2783.415
"2012-09-10 19:00:00",14704,12.4,1154.214,1385.404,1232.189,2783.488
"2012-09-10 19:10:00",14705,12.39,1154.256,1385.455,1232.782,2783.521
"2012-09-10 19:20:00",14706,12.39,1154.766,1385.492,1233.635,2783.596
"2012-09-10 19:30:00",14707,12.39,1155.531,1385.59,1233.723,2783.724
"2012-09-10 19:40:00",14708,12.39,1155.694,1385.538,1233.677,2783.758
"2012-09-10 19:50:00",14709,12.38,1155.795,1385.66,1233.785,2783.728
"2012-09-10 20:00:00",14710,12.38,1155.878,1385.759,1233.873,2784.2
"2012-09-10 20:10:00",14711,12.37,1155.947,1385.842,1233.947,2784.368
"2012-09-10 20:20:00",14712,12.37,1155.969,1385.868,1233.97,2784.42
"2012-09-10 20:30:00",14713,12.37,1155.975,1385.875,1233.977,2784.435
"2012-09-10 20:40:00",14714,12.36,1155.977,1385.878,1233.979,2784.44
"2012-09-10 20:50:00",14715,12.36,1155.978,1385.878,1233.98,2784.441
"2012-09-10 21:00:00",14716,12.36,1155.978,1385.878,1233.98,2784.441
"2012-09-10 21:10:00",14717,12.35,1155.978,1385.878,1233.98,2784.441
"2012-09-10 21:20:00",14718,12.35,1155.978,1385.878,1233.98,2784.441
"2012-09-10 21:30:00",14719,12.35,1155.978,1385.878,1233.98,2784.441
"2012-09-10 21:40:00",14720,12.35,1155.978,1385.878,1233.98,2784.441
"2012-09-10 21:50:00",14721,12.35,1155.978,1385.878,1233.98,2784.441
"2012-09-10 22:00:00",14722,12.34,1155.978,1385.878,1233.98,2784.441
"2012-09-10 22:10:00",14723,12.34,1155.978,1385.878,1233.98,2784.441
"2012-09-10 22:20:00",14724,12.34,1155.978,1385.878,1234.116,2784.441
"2012-09-10 22:30:00",14725,12.34,1155.978,1385.878,1234.801,2784.441
"2012-09-10 22:40:00",14726,12.34,1155.978,1385.878,1235.348,2784.441
"2012-09-10 22:50:00",14727,12.34,1155.982,1385.883,1235.352,2784.451
"2012-09-10 23:00:00",14728,12.34,1156.015,1385.923,1235.388,2784.532
"2012-09-10 23:10:00",14729,12.33,1156.002,1385.976,1235.374,2784.5
"2012-09-10 23:20:00",14730,12.33,1156.167,1385.941,1235.404,2784.568
"2012-09-10 23:30:00",14731,12.33,1156.212,1386.05,1235.38,2784.512
"2012-09-10 23:40:00",14732,12.33,1156.37,1386.349,1235.402,2784.563
"2012-09-10 23:50:00",14733,12.32,1157.02,1386.801,1235.439,2784.646
"2012-09-11 00:00:00",14734,12.32,1157.35,1387.361,1235.571,2784.945
"2012-09-11 00:10:00",14735,12.32,1157.472,1387.562,1235.628,2785.073
"2012-09-11 00:20:00",14736,12.32,1157.702,1387.673,1235.728,2785.297
"2012-09-11 00:30:00",14737,12.32,1157.594,1387.708,1235.758,2785.366
"2012-09-11 00:40:00",14738,12.32,1157.567,1387.676,1235.73,2785.303
"2012-09-11 00:50:00",14739,12.32,1157.714,1387.688,1235.741,2785.326
"2012-09-11 01:00:00",14740,12.31,1157.734,1387.712,1235.762,2785.443
"2012-09-11 01:10:00",14741,12.31,1157.719,1387.693,1235.746,2785.338
"2012-09-11 01:20:00",14742,12.31,1157.718,1387.692,1236.224,2785.952
"2012-09-11 01:30:00",14743,12.31,1157.614,1387.568,1236.934,2786.454
"2012-09-11 01:40:00",14744,12.3,1157.574,1387.52,1236.96,2787.248
"2012-09-11 01:50:00",14745,12.3,1158.324,1387.846,1236.885,2787.557
"2012-09-11 02:00:00",14746,12.3,1158.422,1388.264,1236.701,2787.297
"2012-09-11 02:10:00",14747,12.3,1158.729,1388.633,1236.733,2787.214
"2012-09-11 02:20:00",14748,12.3,1158.719,1388.621,1237.2,2787.531
"2012-09-11 02:30:00",14749,12.29,1158.716,1388.617,1237.608,2788.551
"2012-09-11 02:40:00",14750,12.29,1158.715,1388.616,1237.949,2788.548
"2012-09-11 02:50:00",14751,12.29,1158.715,1388.616,1238.086,2788.548
"2012-09-11 03:00:00",14752,12.29,1158.715,1388.616,1237.949,2788.548
"2012-09-11 03:10:00",14753,12.29,1158.715,1388.616,1238.086,2789.164
"2012-09-11 03:20:00",14754,12.29,1158.715,1388.616,1238.086,2789.711
"2012-09-11 03:30:00",14755,12.29,1158.852,1388.753,1238.086,2789.916
"2012-09-11 03:40:00",14756,12.28,1158.783,1388.616,1238.086,2789.916
"2012-09-11 03:50:00",14757,12.28,1159.125,1388.684,1238.086,2789.916
"2012-09-11 04:00:00",14758,12.27,1159.536,1388.821,1238.086,2789.916
"2012-09-11 04:10:00",14759,12.27,1160.015,1389.163,1239.043,2789.916
"2012-09-11 04:20:00",14760,12.27,1160.083,1388.958,1238.496,2789.916
"2012-09-11 04:30:00",14761,12.27,1160.083,1389.368,1238.154,2789.916
"2012-09-11 04:40:00",14762,12.26,1160.083,1389.505,1238.77,2789.916
"2012-09-11 04:50:00",14763,12.26,1160.083,1389.437,1239.18,2789.916
"2012-09-11 05:00:00",14764,12.26,1160.083,1389.984,1239.454,2789.916
"2012-09-11 05:10:00",14765,12.26,1160.083,1389.847,1239.385,2789.985
"2012-09-11 05:20:00",14766,12.25,1160.083,1389.984,1239.454,2789.985
"2012-09-11 05:30:00",14767,12.25,1160.083,1389.984,1239.454,2789.916
"2012-09-11 05:40:00",14768,12.25,1160.083,1389.984,1239.454,2789.985
"2012-09-11 05:50:00",14769,12.25,1160.083,1389.984,1239.454,2789.985
"2012-09-11 06:00:00",14770,12.24,1160.083,1389.984,1239.454,2789.985
"2012-09-11 06:10:00",14771,12.24,1160.083,1389.984,1239.454,2790.669
"2012-09-11 06:20:00",14772,12.24,1160.083,1389.984,1239.454,2790.395
"2012-09-11 06:30:00",14773,12.26,1160.083,1389.984,1239.454,2791.079
"2012-09-11 06:40:00",14774,12.28,1160.083,1389.984,1239.454,2791.285
"2012-09-11 06:50:00",14775,12.3,1160.083,1389.984,1239.522,2791.285
"2012-09-11 07:00:00",14776,12.36,1160.083,1389.984,1239.591,2791.285
"2012-09-11 07:10:00",14777,12.37,1160.083,1389.984,1239.933,2791.285
"2012-09-11 07:20:00",14778,12.46,1160.083,1389.984,1239.591,2791.285
"2012-09-11 07:30:00",14779,12.52,1160.562,1389.984,1239.796,2791.285
"2012-09-11 07:40:00",14780,12.53,1161.11,1389.984,1239.659,2791.285
"2012-09-11 07:50:00",14781,12.71,1161.324,1389.913,1239.391,2791.142
"2012-09-11 08:00:00",14782,12.63,1161.28,1389.778,1239.475,2790.939
"2012-09-11 08:10:00",14783,12.92,1161.227,1389.716,1239.214,2791.019
"2012-09-11 08:20:00",14784,13.3,1161.184,1389.663,1239.168,2790.777
"2012-09-11 08:30:00",14785,13.25,1161.098,1389.561,1239.077,2790.503
"2012-09-11 08:40:00",14786,13.58,1161.068,1389.524,1239.044,2790.498
"2012-09-11 08:50:00",14787,13.23,1161.059,1388.967,1238.898,2790.34
"2012-09-11 09:00:00",14788,13.08,1160.988,1388.211,1239.031,2790.333
"2012-09-11 09:10:00",14789,13.11,1159.687,1388.141,1238.825,2790.194
"2012-09-11 09:20:00",14790,13.58,1159.687,1388.141,1237.526,2789.031
"2012-09-11 09:30:00",14791,13.79,1159.687,1388.141,1237.799,2789.031
"2012-09-11 09:40:00",14792,13.37,1159.526,1388.112,1237.636,2788.903
"2012-09-11 09:50:00",14793,14.46,1158.399,1387.157,1237.251,2788.497
"2012-09-11 10:00:00",14794,13.47,1157.993,1386.383,1236.357,2788.178
"2012-09-11 10:10:00",14795,13.1,1157.945,1386.325,1235.895,2788.06
"2012-09-11 10:20:00",14796,13.71,1157.929,1386.307,1235.879,2788.024
"2012-09-11 10:30:00",14797,14,1157.925,1386.302,1235.874,2788.013
"2012-09-11 10:40:00",14798,13.77,1157.924,1386.3,1235.872,2788.01
"2012-09-11 10:50:00",14799,13.44,1157.65,1385.137,1235.872,2788.009
"2012-09-11 11:00:00",14800,13.76,1156.556,1385.342,1235.872,2788.009
"2012-09-11 11:10:00",14801,13.38,1156.556,1384.932,1235.872,2787.804
"2012-09-11 11:20:00",14802,13.73,1156.489,1384.852,1235.801,2787.711
"2012-09-11 11:30:00",14803,14.04,1156.38,1384.722,1235.616,2786.629
"2012-09-11 11:40:00",14804,13.64,1156.312,1384.64,1235.543,2786.053
"2012-09-11 11:50:00",14805,13.46,1156.007,1384.52,1235.505,2785.744
"2012-09-11 12:00:00",14806,13.72,1155.287,1384.409,1234.373,2785.658
"2012-09-11 12:10:00",14807,13.73,1154.798,1384.464,1234.088,2785.7
"2012-09-11 12:20:00",14808,13.64,1154.658,1384.392,1234.084,2785.419
"2012-09-11 12:30:00",14809,13.67,1153.495,1383.707,1234.015,2784.938
"2012-09-11 12:40:00",14810,13.7,1153.427,1383.092,1234.083,2784.254
"2012-09-11 12:50:00",14811,13.26,1153.489,1383.167,1234.15,2784.473
"2012-09-11 13:00:00",14812,13.26,1153.215,1383.166,1234.149,2784.472
"2012-09-11 13:10:00",14813,13.65,1152.143,1383.192,1233.899,2784.524
"2012-09-11 13:20:00",14814,14.09,1152.244,1382.561,1233.118,2784.084
"2012-09-11 13:30:00",14815,13.72,1152.348,1382.071,1233.024,2783.72
"2012-09-11 13:40:00",14816,13.16,1152.271,1382.594,1232.942,2784.355
"2012-09-11 13:50:00",14817,13.12,1152.216,1383.28,1232.883,2784.7
"2012-09-11 14:00:00",14818,12.96,1152.3,1383.38,1234.272,2784.903
"2012-09-11 14:10:00",14819,13.31,1152.404,1383.711,1234.452,2785.156
"2012-09-11 14:20:00",14820,13.21,1152.917,1384.64,1234.489,2785.238
"2012-09-11 14:30:00",14821,13.2,1153.816,1384.927,1234.5,2785.263
"2012-09-11 14:40:00",14822,13.47,1153.819,1384.93,1234.503,2785.27
"2012-09-11 14:50:00",14823,13.24,1153.82,1384.931,1234.504,2785.272
"2012-09-11 15:00:00",14824,13.14,1153.82,1384.931,1234.504,2785.273
"2012-09-11 15:10:00",14825,13.01,1153.889,1384.931,1234.504,2785.273
"2012-09-11 15:20:00",14826,13.13,1154.914,1384.931,1234.504,2785.273
"2012-09-11 15:30:00",14827,12.98,1154.846,1384.931,1234.504,2785.273
"2012-09-11 15:40:00",14828,13.09,1155.119,1384.931,1234.504,2785.273
"2012-09-11 15:50:00",14829,13.03,1155.188,1385.068,1234.778,2785.273
"2012-09-11 16:00:00",14830,12.75,1155.188,1384.931,1234.641,2785.273
"2012-09-11 16:10:00",14831,12.7,1155.188,1384.931,1234.504,2785.273
"2012-09-11 16:20:00",14832,12.65,1155.188,1384.931,1234.778,2785.273
"2012-09-11 16:30:00",14833,12.65,1155.188,1384.931,1234.778,2785.273
"2012-09-11 16:40:00",14834,12.65,1155.188,1386.231,1235.325,2785.273
"2012-09-11 16:50:00",14835,12.58,1156.145,1386.299,1235.872,2785.273
"2012-09-11 17:00:00",14836,12.5,1156.555,1386.299,1235.872,2785.273
"2012-09-11 17:10:00",14837,12.48,1156.576,1386.324,1235.894,2785.392
"2012-09-11 17:20:00",14838,12.46,1156.669,1386.435,1235.993,2785.547
"2012-09-11 17:30:00",14839,12.44,1156.816,1386.611,1236.15,2785.901
"2012-09-11 17:40:00",14840,12.43,1156.909,1386.723,1236.524,2786.605
"2012-09-11 17:50:00",14841,12.43,1156.938,1386.827,1236.555,2786.196
"2012-09-11 18:00:00",14842,12.42,1156.947,1386.974,1236.359,2786.286
"2012-09-11 18:10:00",14843,12.41,1156.95,1387.045,1236.43,2786.224
"2012-09-11 18:20:00",14844,12.41,1156.951,1387.046,1236.568,2786.225
"2012-09-11 18:30:00",14845,12.41,1156.955,1387.393,1236.504,2786.235
"2012-09-11 18:40:00",14846,12.4,1157.046,1387.844,1236.737,2786.454
"2012-09-11 18:50:00",14847,12.4,1157.065,1387.868,1237.443,2786.501
"2012-09-11 19:00:00",14848,12.39,1157.032,1387.828,1237.271,2786.422
"2012-09-11 19:10:00",14849,12.39,1157.234,1387.66,1237.623,2786.908
"2012-09-11 19:20:00",14850,12.39,1157.311,1387.821,1237.706,2787.094
"2012-09-11 19:30:00",14851,12.39,1157.336,1387.85,1237.937,2787.153
"2012-09-11 19:40:00",14852,12.38,1157.343,1387.449,1237.945,2787.171
"2012-09-11 19:50:00",14853,12.38,1157.345,1387.725,1238.016,2787.177
"2012-09-11 20:00:00",14854,12.37,1157.346,1387.589,1237.88,2787.178
"2012-09-11 20:10:00",14855,12.37,1157.354,1387.393,1237.82,2787.198
"2012-09-11 20:20:00",14856,12.37,1157.46,1387.794,1237.796,2787.453
"2012-09-11 20:30:00",14857,12.37,1157.545,1387.691,1237.956,2787.659
"2012-09-11 20:40:00",14858,12.36,1157.67,1388.388,1238.158,2787.959
"2012-09-11 20:50:00",14859,12.36,1157.721,1388.243,1238.417,2788.081
"2012-09-11 21:00:00",14860,12.36,1157.736,1388.193,1238.365,2788.117
"2012-09-11 21:10:00",14861,12.36,1157.74,1388.951,1238.507,2788.128
"2012-09-11 21:20:00",14862,12.35,1157.81,1389.09,1238.508,2788.131
"2012-09-11 21:30:00",14863,12.35,1158.495,1389.09,1238.509,2788.132
"2012-09-11 21:40:00",14864,12.35,1158.974,1389.09,1238.509,2788.132
"2012-09-11 21:50:00",14865,12.35,1159.084,1389.059,1238.48,2788.069
"2012-09-11 22:00:00",14866,12.35,1158.947,1388.894,1238.334,2787.738
"2012-09-11 22:10:00",14867,12.35,1158.789,1388.704,1238.917,2787.63
"2012-09-11 22:20:00",14868,12.35,1158.738,1388.643,1239.478,2788.534
"2012-09-11 22:30:00",14869,12.35,1158.722,1388.624,1239.461,2788.564
"2012-09-11 22:40:00",14870,12.35,1158.717,1388.618,1239.456,2788.552
"2012-09-11 22:50:00",14871,12.35,1158.715,1388.616,1239.454,2788.549
"2012-09-11 23:00:00",14872,12.35,1158.715,1388.616,1239.454,2788.548
"2012-09-11 23:10:00",14873,12.35,1158.715,1388.821,1239.454,2788.822
"2012-09-11 23:20:00",14874,12.34,1158.715,1388.821,1239.454,2789.369
"2012-09-11 23:30:00",14875,12.34,1158.715,1388.821,1239.454,2789.232
"2012-09-11 23:40:00",14876,12.34,1158.715,1388.753,1239.454,2788.958
"2012-09-11 23:50:00",14877,12.34,1158.715,1388.753,1239.454,2788.753
"2012-09-12 00:00:00",14878,12.34,1158.715,1388.684,1239.454,2788.548
"2012-09-12 00:10:00",14879,12.34,1158.715,1388.889,1239.454,2788.548
"2012-09-12 00:20:00",14880,12.33,1158.715,1389.095,1239.454,2788.548
"2012-09-12 00:30:00",14881,12.33,1158.715,1389.232,1239.454,2788.548
"2012-09-12 00:40:00",14882,12.33,1158.715,1389.711,1239.454,2788.548
"2012-09-12 00:50:00",14883,12.33,1158.729,1389.659,1239.469,2788.582
"2012-09-12 01:00:00",14884,12.33,1158.777,1389.854,1239.52,2788.698
"2012-09-12 01:10:00",14885,12.33,1158.885,1390.051,1239.636,2788.957
"2012-09-12 01:20:00",14886,12.32,1158.965,1390.147,1239.721,2789.15
"2012-09-12 01:30:00",14887,12.32,1159.065,1390.335,1239.828,2789.389
"2012-09-12 01:40:00",14888,12.32,1159.097,1390.306,1239.863,2789.468
"2012-09-12 01:50:00",14889,12.32,1159.107,1389.838,1239.873,2789.491
"2012-09-12 02:00:00",14890,12.32,1159.11,1389.91,1239.876,2789.499
"2012-09-12 02:10:00",14891,12.31,1159.111,1390.185,1239.877,2789.5
"2012-09-12 02:20:00",14892,12.31,1159.111,1390.459,1239.878,2789.501
"2012-09-12 02:30:00",14893,12.31,1159.111,1390.459,1239.878,2789.501
"2012-09-12 02:40:00",14894,12.31,1159.111,1390.391,1239.878,2789.501
"2012-09-12 02:50:00",14895,12.3,1159.111,1390.459,1239.878,2789.501
"2012-09-12 03:00:00",14896,12.3,1159.111,1390.459,1239.878,2789.501
"2012-09-12 03:10:00",14897,12.3,1159.111,1390.459,1239.878,2789.501
"2012-09-12 03:20:00",14898,12.3,1159.111,1390.459,1239.878,2789.501
"2012-09-12 03:30:00",14899,12.3,1159.111,1390.459,1239.878,2789.501
"2012-09-12 03:40:00",14900,12.3,1159.111,1390.459,1239.946,2789.501
"2012-09-12 03:50:00",14901,12.29,1159.111,1390.459,1240.014,2789.501
"2012-09-12 04:00:00",14902,12.29,1159.111,1390.459,1240.357,2789.501
"2012-09-12 04:10:00",14903,12.29,1159.126,1390.477,1240.852,2789.538
"2012-09-12 04:20:00",14904,12.29,1159.171,1390.531,1241.311,2789.646
"2012-09-12 04:30:00",14905,12.29,1159.18,1390.542,1241.252,2789.667
"2012-09-12 04:40:00",14906,12.28,1159.217,1390.587,1241.36,2789.758
"2012-09-12 04:50:00",14907,12.28,1159.223,1390.594,1241.366,2789.771
"2012-09-12 05:00:00",14908,12.28,1159.206,1390.573,1241.348,2789.73
"2012-09-12 05:10:00",14909,12.28,1159.219,1390.59,1241.363,2789.831
"2012-09-12 05:20:00",14910,12.27,1159.211,1390.579,1241.354,2790.153
"2012-09-12 05:30:00",14911,12.27,1159.226,1390.598,1241.37,2790.669
"2012-09-12 05:40:00",14912,12.27,1159.191,1390.555,1241.332,2790.926
"2012-09-12 05:50:00",14913,12.27,1159.26,1390.638,1241.406,2791.229
"2012-09-12 06:00:00",14914,12.26,1159.308,1390.696,1241.457,2791.276
"2012-09-12 06:10:00",14915,12.26,1159.331,1390.724,1241.483,2791.333
"2012-09-12 06:20:00",14916,12.26,1159.292,1390.676,1241.44,2791.306
"2012-09-12 06:30:00",14917,12.28,1159.297,1390.682,1241.445,2791.249
"2012-09-12 06:40:00",14918,12.3,1159.329,1390.72,1241.479,2791.189
"2012-09-12 06:50:00",14919,12.32,1159.346,1390.741,1241.498,2791.368
"2012-09-12 07:00:00",14920,12.34,1159.306,1390.693,1241.455,2791.339
"2012-09-12 07:10:00",14921,12.37,1159.206,1390.573,1241.348,2791.099
"2012-09-12 07:20:00",14922,12.41,1159.139,1390.493,1241.277,2790.938
"2012-09-12 07:30:00",14923,12.55,1159.12,1390.47,1241.256,2790.891
"2012-09-12 07:40:00",14924,12.53,1159.114,1390.463,1241.25,2791.904
"2012-09-12 07:50:00",14925,12.6,1159.112,1390.46,1241.247,2792.241
"2012-09-12 08:00:00",14926,12.59,1159.005,1390.332,1241.133,2791.983
"2012-09-12 08:10:00",14927,12.85,1158.945,1390.096,1240.922,2792.398
"2012-09-12 08:20:00",14928,13.33,1158.714,1389.984,1240.822,2792.583
"2012-09-12 08:30:00",14929,13.35,1158.545,1389.78,1240.64,2792.242
"2012-09-12 08:40:00",14930,13.2,1158.361,1389.642,1240.517,2791.828
"2012-09-12 08:50:00",14931,13.07,1157.327,1388.387,1240.435,2790.891
"2012-09-12 09:00:00",14932,12.85,1156.961,1388.153,1240.272,2790.355
"2012-09-12 09:10:00",14933,12.89,1156.27,1388.145,1239.991,2790.337
"2012-09-12 09:20:00",14934,12.99,1155.584,1387.732,1239.442,2790.332
"2012-09-12 09:30:00",14935,13.37,1155.583,1386.842,1239.031,2790.194
"2012-09-12 09:40:00",14936,13.67,1155.583,1386.773,1239.031,2790.331
"2012-09-12 09:50:00",14937,14.12,1155.226,1386.277,1238.741,2790.294
"2012-09-12 10:00:00",14938,14.31,1154.051,1385.413,1237.486,2789.865
"2012-09-12 10:10:00",14939,13.72,1153.899,1385.026,1237.324,2789.088
"2012-09-12 10:20:00",14940,13.57,1153.844,1384.96,1237.264,2789.364
"2012-09-12 10:30:00",14941,13.62,1153.828,1384.94,1237.247,2789.394
"2012-09-12 10:40:00",14942,14.22,1153.823,1384.934,1237.105,2789.313
"2012-09-12 10:50:00",14943,13.9,1152.817,1384.876,1237.19,2789.265
"2012-09-12 11:00:00",14944,13.91,1152.255,1384.611,1236.953,2788.73
"2012-09-12 11:10:00",14945,13.9,1152.987,1384.916,1236.859,2788.244
"2012-09-12 11:20:00",14946,13.93,1153.308,1385.41,1236.826,2787.726
"2012-09-12 11:30:00",14947,13.93,1153.115,1384.221,1236.482,2786.711
"2012-09-12 11:40:00",14948,14.12,1153.058,1384.017,1236.559,2786.166
"2012-09-12 11:50:00",14949,13.85,1153.041,1383.996,1236.403,2786.26
"2012-09-12 12:00:00",14950,13.69,1152.967,1383.989,1235.577,2786.247
"2012-09-12 12:10:00",14951,14.26,1151.872,1383.987,1235.029,2786.175
"2012-09-12 12:20:00",14952,14.01,1151.667,1383.987,1235.165,2786.106
"2012-09-12 12:30:00",14953,13.51,1150.778,1383.987,1235.029,2786.106
"2012-09-12 12:40:00",14954,13.24,1150.3,1383.987,1235.029,2786.106
"2012-09-12 12:50:00",14955,13.08,1150.319,1384.01,1235.049,2786.152
