"TOA5","Kanga_Sap03A","CR1000","33596","CR1000.Std.19","CPU:UTS_SAP02_3A_Dendro24hrMinMaxHMP45.cr1","46354","DendroTenMinOutput"
"TIMESTAMP","RECORD","Batt_Volt_Avg","Dendro_Avg(1)","Dendro_Avg(2)","Dendro_Avg(3)","Dendro_Avg(4)"
"TS","RN","Volts","mV","mV","mV","mV"
"","","Avg","Avg","Avg","Avg","Avg"
"2012-08-29 13:30:00",12943,12.48,1151.086,1372.624,1207.154,2777.069
"2012-08-29 13:40:00",12944,12.66,1151.086,1372.488,1206.881,2776.727
"2012-08-29 13:50:00",12945,12.77,1150.881,1372.556,1206.402,2776.522
"2012-08-29 14:00:00",12946,12.59,1150.607,1372.419,1206.334,2775.701
"2012-08-29 14:10:00",12947,12.42,1150.675,1372.419,1206.128,2775.701
"2012-08-29 14:20:00",12948,12.47,1149.718,1371.462,1205.992,2775.359
"2012-08-29 14:30:00",12949,12.49,1149.718,1371.393,1205.787,2774.813
"2012-08-29 14:40:00",12950,12.43,1149.718,1371.53,1205.787,2774.402
"2012-08-29 14:50:00",12951,12.59,1149.718,1371.325,1205.787,2774.334
"2012-08-29 15:00:00",12952,12.49,1149.718,1371.393,1205.787,2774.334
"2012-08-29 15:10:00",12953,12.4,1149.718,1371.325,1205.787,2774.334
"2012-08-29 15:20:00",12954,12.43,1149.718,1371.393,1205.787,2774.334
"2012-08-29 15:30:00",12955,12.34,1149.718,1371.325,1205.787,2774.334
"2012-08-29 15:40:00",12956,12.41,1149.718,1371.325,1205.787,2774.334
"2012-08-29 15:50:00",12957,12.35,1149.718,1371.667,1205.787,2774.402
"2012-08-29 16:00:00",12958,12.42,1149.718,1372.009,1205.787,2774.607
"2012-08-29 16:10:00",12959,12.25,1149.718,1372.624,1205.787,2775.359
"2012-08-29 16:20:00",12960,12.18,1149.718,1372.624,1205.787,2775.633
"2012-08-29 16:30:00",12961,12.18,1149.718,1372.624,1205.787,2775.565
"2012-08-29 16:40:00",12962,12.14,1149.718,1372.624,1205.992,2775.359
"2012-08-29 16:50:00",12963,12.11,1149.718,1372.624,1206.812,2775.428
"2012-08-29 17:00:00",12964,12.12,1150.265,1372.624,1207.154,2775.701
"2012-08-29 17:10:00",12965,12.07,1151.086,1372.624,1207.154,2775.701
"2012-08-29 17:20:00",12966,12.03,1151.086,1372.761,1207.154,2775.701
"2012-08-29 17:30:00",12967,11.99,1151.086,1373.855,1207.154,2775.701
"2012-08-29 17:40:00",12968,11.97,1151.09,1373.996,1207.158,2776.326
"2012-08-29 17:50:00",12969,11.97,1152.209,1374.109,1207.257,2777.305
"2012-08-29 18:00:00",12970,11.96,1152.666,1374.245,1207.924,2777.582
"2012-08-29 18:10:00",12971,11.96,1152.76,1374.357,1208.843,2777.807
"2012-08-29 18:20:00",12972,11.96,1152.82,1374.429,1208.907,2777.954
"2012-08-29 18:30:00",12973,11.95,1152.839,1374.452,1208.927,2778
"2012-08-29 18:40:00",12974,11.95,1152.844,1374.458,1208.932,2778.012
"2012-08-29 18:50:00",12975,11.95,1152.846,1374.46,1208.934,2778.016
"2012-08-29 19:00:00",12976,11.95,1152.896,1374.52,1208.986,2778.069
"2012-08-29 19:10:00",12977,11.94,1152.913,1374.54,1209.004,2778.178
"2012-08-29 19:20:00",12978,11.94,1153.087,1374.747,1209.186,2778.596
"2012-08-29 19:30:00",12979,11.94,1153.263,1374.876,1209.299,2778.856
"2012-08-29 19:40:00",12980,11.94,1154.596,1374.915,1209.333,2778.935
"2012-08-29 19:50:00",12981,11.93,1154.605,1374.926,1209.343,2778.958
"2012-08-29 20:00:00",12982,11.93,1154.608,1374.929,1209.346,2778.965
"2012-08-29 20:10:00",12983,11.93,1154.609,1374.931,1209.347,2778.967
"2012-08-29 20:20:00",12984,11.93,1154.609,1374.931,1209.347,2778.967
"2012-08-29 20:30:00",12985,11.93,1154.609,1374.931,1209.347,2778.967
"2012-08-29 20:40:00",12986,11.92,1154.609,1375.136,1209.347,2778.967
"2012-08-29 20:50:00",12987,11.92,1154.609,1376.094,1209.347,2778.967
"2012-08-29 21:00:00",12988,11.92,1154.689,1376.394,1209.431,2779.159
"2012-08-29 21:10:00",12989,11.92,1154.72,1376.432,1209.464,2779.235
"2012-08-29 21:20:00",12990,11.92,1154.777,1376.5,1209.524,2779.373
"2012-08-29 21:30:00",12991,11.92,1154.75,1376.467,1209.837,2779.307
"2012-08-29 21:40:00",12992,11.91,1155.15,1376.536,1210.308,2779.445
"2012-08-29 21:50:00",12993,11.91,1155.958,1376.521,1210.705,2779.415
"2012-08-29 22:00:00",12994,11.91,1155.927,1376.565,1210.949,2779.504
"2012-08-29 22:10:00",12995,11.91,1156.168,1376.526,1210.916,2779.426
"2012-08-29 22:20:00",12996,11.91,1156.173,1376.532,1210.921,2779.438
"2012-08-29 22:30:00",12997,11.91,1156.09,1376.433,1210.834,2779.238
"2012-08-29 22:40:00",12998,11.91,1156.056,1376.392,1210.798,2779.224
"2012-08-29 22:50:00",12999,11.91,1156.053,1376.388,1210.794,2779.216
"2012-08-29 23:00:00",13000,11.9,1156.033,1376.365,1210.774,2779.101
"2012-08-29 23:10:00",13001,11.9,1156.021,1376.351,1210.761,2779.277
"2012-08-29 23:20:00",13002,11.9,1156.021,1376.351,1210.761,2780.03
"2012-08-29 23:30:00",13003,11.9,1156.001,1376.327,1210.741,2780.393
"2012-08-29 23:40:00",13004,11.9,1155.999,1376.324,1210.738,2780.387
"2012-08-29 23:50:00",13005,11.9,1155.984,1376.307,1210.723,2780.352
"2012-08-30 00:00:00",13006,11.89,1156.06,1376.397,1210.802,2780.533
"2012-08-30 00:10:00",13007,11.89,1156.042,1376.376,1210.783,2780.49
"2012-08-30 00:20:00",13008,11.89,1156.02,1376.35,1210.76,2780.438
"2012-08-30 00:30:00",13009,11.89,1156.07,1376.409,1210.813,2780.559
"2012-08-30 00:40:00",13010,11.89,1156.119,1376.467,1210.864,2780.676
"2012-08-30 00:50:00",13011,11.89,1156.172,1376.53,1210.919,2780.802
"2012-08-30 01:00:00",13012,11.89,1156.215,1376.582,1210.964,2780.907
"2012-08-30 01:10:00",13013,11.89,1156.243,1376.615,1210.994,2780.975
"2012-08-30 01:20:00",13014,11.88,1156.279,1376.658,1211.031,2781.061
"2012-08-30 01:30:00",13015,11.89,1156.275,1376.653,1211.028,2781.052
"2012-08-30 01:40:00",13016,11.88,1156.31,1376.695,1211.064,2781.136
"2012-08-30 01:50:00",13017,11.88,1156.354,1376.747,1211.11,2781.242
"2012-08-30 02:00:00",13018,11.88,1156.348,1376.74,1211.104,2781.228
"2012-08-30 02:10:00",13019,11.88,1156.359,1376.753,1211.115,2781.253
"2012-08-30 02:20:00",13020,11.88,1156.369,1376.765,1211.126,2781.277
"2012-08-30 02:30:00",13021,11.87,1156.372,1376.769,1211.129,2781.285
"2012-08-30 02:40:00",13022,11.87,1156.373,1376.838,1211.13,2781.287
"2012-08-30 02:50:00",13023,11.87,1156.373,1376.77,1211.13,2781.288
"2012-08-30 03:00:00",13024,11.87,1156.373,1376.77,1211.13,2781.288
"2012-08-30 03:10:00",13025,11.87,1156.373,1376.77,1211.13,2781.288
"2012-08-30 03:20:00",13026,11.87,1156.373,1377.044,1211.13,2781.288
"2012-08-30 03:30:00",13027,11.87,1156.373,1377.728,1211.13,2781.151
"2012-08-30 03:40:00",13028,11.86,1156.373,1377.934,1211.13,2780.055
"2012-08-30 03:50:00",13029,11.86,1156.373,1377.934,1211.13,2779.987
"2012-08-30 04:00:00",13030,11.86,1156.373,1378.071,1211.13,2780.055
"2012-08-30 04:10:00",13031,11.86,1156.373,1378.139,1211.13,2780.124
"2012-08-30 04:20:00",13032,11.86,1156.373,1378.002,1211.13,2780.192
"2012-08-30 04:30:00",13033,11.86,1156.373,1377.934,1211.13,2780.055
"2012-08-30 04:40:00",13034,11.86,1156.373,1377.797,1211.13,2779.987
"2012-08-30 04:50:00",13035,11.85,1156.373,1377.865,1211.13,2779.987
"2012-08-30 05:00:00",13036,11.85,1156.373,1378.002,1211.13,2779.918
"2012-08-30 05:10:00",13037,11.85,1156.373,1378.139,1211.13,2779.918
"2012-08-30 05:20:00",13038,11.85,1156.373,1378.071,1211.13,2779.918
"2012-08-30 05:30:00",13039,11.85,1156.373,1378.139,1211.13,2779.918
"2012-08-30 05:40:00",13040,11.85,1156.168,1378.139,1211.13,2779.918
"2012-08-30 05:50:00",13041,11.85,1156.305,1377.934,1211.13,2779.918
"2012-08-30 06:00:00",13042,11.84,1156.236,1377.318,1211.13,2779.918
"2012-08-30 06:10:00",13043,11.84,1155.894,1376.907,1211.13,2779.918
"2012-08-30 06:20:00",13044,11.84,1155.346,1376.907,1211.13,2779.918
"2012-08-30 06:30:00",13045,11.84,1155.004,1376.77,1211.13,2779.918
"2012-08-30 06:40:00",13046,11.84,1155.004,1376.77,1211.13,2779.918
"2012-08-30 06:50:00",13047,11.84,1155.015,1376.783,1211.142,2779.945
"2012-08-30 07:00:00",13048,11.84,1155.047,1376.821,1211.175,2780.021
"2012-08-30 07:10:00",13049,11.85,1155.119,1376.907,1211.25,2780.195
"2012-08-30 07:20:00",13050,11.86,1155.12,1376.908,1211.251,2780.197
"2012-08-30 07:30:00",13051,11.87,1155.169,1376.967,1211.303,2780.316
"2012-08-30 07:40:00",13052,11.91,1155.19,1376.992,1211.325,2780.367
"2012-08-30 07:50:00",13053,12.03,1155.192,1376.994,1211.327,2780.371
"2012-08-30 08:00:00",13054,12.04,1155.164,1376.879,1211.226,2780.139
"2012-08-30 08:10:00",13055,12.12,1155.583,1376.808,1211.163,2779.995
"2012-08-30 08:20:00",13056,12.16,1155.904,1376.782,1211.14,2779.942
"2012-08-30 08:30:00",13057,12.25,1154.999,1376.354,1210.851,2779.907
"2012-08-30 08:40:00",13058,12.33,1154.793,1375.149,1210.429,2779.409
"2012-08-30 08:50:00",13059,12.44,1154.665,1374.998,1209.817,2778.829
"2012-08-30 09:00:00",13060,12.44,1153.531,1374.951,1209.502,2778.597
"2012-08-30 09:10:00",13061,12.52,1153.108,1374.772,1209.961,2777.347
"2012-08-30 09:20:00",13062,12.49,1152.98,1374.484,1209.759,2778.066
"2012-08-30 09:30:00",13063,12.44,1152.927,1374.283,1208.745,2777.596
"2012-08-30 09:40:00",13064,12.58,1152.802,1373.805,1208.823,2776.844
"2012-08-30 09:50:00",13065,12.68,1152.581,1373.307,1208.737,2776.805
"2012-08-30 10:00:00",13066,12.66,1152.712,1373.096,1208.526,2776.656
"2012-08-30 10:10:00",13067,12.84,1152.642,1373.094,1208.662,2776.652
"2012-08-30 10:20:00",13068,12.77,1151.616,1373.025,1208.114,2776.993
"2012-08-30 10:30:00",13069,12.79,1151.479,1372.957,1208.046,2776.788
"2012-08-30 10:40:00",13070,12.6,1151.36,1372.746,1207.305,2776.567
"2012-08-30 10:50:00",13071,12.91,1151.18,1372.327,1207.527,2775.657
"2012-08-30 11:00:00",13072,12.91,1151.133,1371.928,1208.16,2774.925
"2012-08-30 11:10:00",13073,12.94,1151.107,1371.965,1207.996,2774.384
"2012-08-30 11:20:00",13074,13.09,1151.092,1371.811,1207.912,2774.485
"2012-08-30 11:30:00",13075,13.2,1151.087,1371.464,1207.84,2774.064
"2012-08-30 11:40:00",13076,13.48,1150.676,1371.257,1207.428,2774.061
"2012-08-30 11:50:00",13077,13.38,1149.718,1371.257,1207.017,2773.513
"2012-08-30 12:00:00",13078,13.57,1149.65,1371.257,1207.154,2773.718
"2012-08-30 12:10:00",13079,13.69,1148.556,1371.257,1206.88,2773.787
"2012-08-30 12:20:00",13080,13.35,1148.214,1370.915,1206.334,2772.83
"2012-08-30 12:30:00",13081,13.24,1146.983,1369.684,1205.786,2772.282
"2012-08-30 12:40:00",13082,12.94,1146.983,1369.889,1206.06,2771.667
"2012-08-30 12:50:00",13083,12.77,1146.983,1370.026,1205.923,2771.599
"2012-08-30 13:00:00",13084,12.88,1146.983,1369.41,1205.923,2771.462
"2012-08-30 13:10:00",13085,13.09,1146.983,1369.342,1205.786,2771.325
"2012-08-30 13:20:00",13086,12.83,1146.983,1368.727,1205.24,2770.71
"2012-08-30 13:30:00",13087,12.89,1146.983,1369.205,1205.513,2770.094
"2012-08-30 13:40:00",13088,12.88,1146.983,1368.795,1205.65,2770.368
"2012-08-30 13:50:00",13089,12.73,1146.71,1369.069,1205.376,2770.231
"2012-08-30 14:00:00",13090,12.63,1146.983,1369.479,1205.376,2769.684
"2012-08-30 14:10:00",13091,12.59,1147.002,1369.638,1205.533,2769.525
"2012-08-30 14:20:00",13092,12.66,1146.609,1369.795,1205.004,2769.976
"2012-08-30 14:30:00",13093,12.6,1146.515,1369.56,1205.525,2769.027
"2012-08-30 14:40:00",13094,12.59,1146.849,1369.756,1205.516,2768.872
"2012-08-30 14:50:00",13095,12.65,1146.594,1369.641,1205.467,2768.984
"2012-08-30 15:00:00",13096,12.51,1146.669,1369.867,1205.341,2769.37
"2012-08-30 15:10:00",13097,12.47,1146.327,1370.017,1205.549,2769.261
"2012-08-30 15:20:00",13098,12.55,1146.754,1370.392,1205.912,2770.15
"2012-08-30 15:30:00",13099,12.5,1147.327,1370.369,1206.012,2769.764
"2012-08-30 15:40:00",13100,12.5,1147.36,1370.818,1206.525,2770.048
"2012-08-30 15:50:00",13101,12.39,1147.37,1370.215,1205.099,2769.799
"2012-08-30 16:00:00",13102,12.63,1147.374,1370.492,1205.787,2769.67
"2012-08-30 16:10:00",13103,12.41,1147.375,1370.015,1205.514,2769.809
"2012-08-30 16:20:00",13104,12.25,1147.375,1370.152,1206.062,2769.468
"2012-08-30 16:30:00",13105,12.21,1147.375,1370.289,1206.335,2768.989
"2012-08-30 16:40:00",13106,12.15,1147.375,1370.494,1206.062,2768.784
"2012-08-30 16:50:00",13107,12.09,1147.306,1371.246,1206.198,2768.92
"2012-08-30 17:00:00",13108,12.06,1147.146,1371.437,1206.314,2769.029
"2012-08-30 17:10:00",13109,12.04,1147.502,1371.74,1206.127,2769.501
"2012-08-30 17:20:00",13110,12.02,1147.475,1371.844,1207.466,2769.777
"2012-08-30 17:30:00",13111,12,1147.524,1371.904,1207.724,2770.103
"2012-08-30 17:40:00",13112,12,1147.741,1372.081,1207.88,2770.529
"2012-08-30 17:50:00",13113,11.99,1148.876,1372.13,1207.854,2770.627
"2012-08-30 18:00:00",13114,11.99,1149.119,1373.337,1207.962,2770.717
"2012-08-30 18:10:00",13115,11.99,1149.13,1373.556,1208.248,2770.745
"2012-08-30 18:20:00",13116,11.98,1149.203,1373.561,1208.936,2771.438
"2012-08-30 18:30:00",13117,11.98,1150.367,1373.562,1209.21,2771.372
"2012-08-30 18:40:00",13118,11.98,1150.504,1373.562,1209.347,2772.125
"2012-08-30 18:50:00",13119,11.97,1150.504,1373.562,1209.347,2772.125
"2012-08-30 19:00:00",13120,11.97,1150.504,1373.699,1209.347,2771.988
"2012-08-30 19:10:00",13121,11.96,1150.504,1374.041,1209.484,2772.125
"2012-08-30 19:20:00",13122,11.96,1150.504,1374.11,1209.347,2772.262
"2012-08-30 19:30:00",13123,11.96,1150.57,1374.804,1209.485,2772.283
"2012-08-30 19:40:00",13124,11.96,1150.933,1375.048,1209.921,2772.773
"2012-08-30 19:50:00",13125,11.95,1151.798,1375.114,1210.587,2772.908
"2012-08-30 20:00:00",13126,11.95,1152.2,1375.323,1210.513,2773.326
"2012-08-30 20:10:00",13127,11.95,1152.227,1375.354,1211.088,2774.347
"2012-08-30 20:20:00",13128,11.95,1152.23,1375.357,1211.092,2774.355
"2012-08-30 20:30:00",13129,11.95,1152.248,1375.38,1211.111,2774.4
"2012-08-30 20:40:00",13130,11.94,1152.261,1375.395,1210.988,2774.431
"2012-08-30 20:50:00",13131,11.94,1152.265,1375.399,1211.129,2774.439
"2012-08-30 21:00:00",13132,11.94,1152.266,1375.401,1211.13,2774.305
"2012-08-30 21:10:00",13133,11.93,1152.266,1375.401,1211.13,2774.443
"2012-08-30 21:20:00",13134,11.92,1152.266,1375.401,1211.13,2774.443
"2012-08-30 21:30:00",13135,11.91,1152.266,1375.401,1211.13,2774.443
"2012-08-30 21:40:00",13136,11.92,1152.266,1375.401,1211.062,2774.443
"2012-08-30 21:50:00",13137,11.92,1153.224,1375.401,1211.13,2774.443
"2012-08-30 22:00:00",13138,11.92,1153.635,1375.401,1211.13,2774.443
"2012-08-30 22:10:00",13139,11.92,1153.498,1375.401,1211.13,2774.443
"2012-08-30 22:20:00",13140,11.91,1153.567,1375.401,1211.13,2774.443
"2012-08-30 22:30:00",13141,11.91,1153.635,1375.401,1211.13,2774.443
"2012-08-30 22:40:00",13142,11.91,1153.635,1375.401,1211.13,2774.443
"2012-08-30 22:50:00",13143,11.91,1153.635,1375.401,1211.13,2774.443
"2012-08-30 23:00:00",13144,11.9,1153.635,1375.401,1211.13,2774.443
"2012-08-30 23:10:00",13145,11.9,1153.635,1375.401,1211.13,2774.443
"2012-08-30 23:20:00",13146,11.9,1153.635,1375.401,1211.13,2774.443
"2012-08-30 23:30:00",13147,11.9,1153.635,1375.401,1211.13,2774.443
"2012-08-30 23:40:00",13148,11.9,1153.635,1375.401,1211.13,2774.511
"2012-08-30 23:50:00",13149,11.9,1153.635,1375.401,1211.13,2774.785
"2012-08-31 00:00:00",13150,11.89,1153.635,1375.401,1211.13,2774.58
"2012-08-31 00:10:00",13151,11.89,1153.635,1375.401,1211.13,2774.648
"2012-08-31 00:20:00",13152,11.89,1153.635,1375.401,1211.13,2775.538
"2012-08-31 00:30:00",13153,11.89,1153.635,1375.401,1211.13,2775.744
"2012-08-31 00:40:00",13154,11.89,1153.635,1375.401,1211.13,2775.812
"2012-08-31 00:50:00",13155,11.89,1153.635,1375.401,1211.13,2775.812
"2012-08-31 01:00:00",13156,11.88,1153.635,1375.401,1211.13,2775.675
"2012-08-31 01:10:00",13157,11.88,1153.635,1375.401,1211.13,2775.675
"2012-08-31 01:20:00",13158,11.88,1153.635,1375.401,1211.13,2775.538
"2012-08-31 01:30:00",13159,11.88,1153.635,1375.401,1211.13,2775.812
"2012-08-31 01:40:00",13160,11.88,1153.635,1375.401,1211.13,2775.812
"2012-08-31 01:50:00",13161,11.88,1153.635,1375.401,1211.13,2775.744
"2012-08-31 02:00:00",13162,11.88,1153.635,1375.401,1211.13,2775.88
"2012-08-31 02:10:00",13163,11.87,1153.635,1375.401,1211.13,2775.812
"2012-08-31 02:20:00",13164,11.87,1153.635,1375.401,1211.267,2775.675
"2012-08-31 02:30:00",13165,11.87,1153.635,1375.538,1211.13,2775.949
"2012-08-31 02:40:00",13166,11.87,1153.635,1375.675,1211.13,2775.812
"2012-08-31 02:50:00",13167,11.87,1153.635,1375.401,1211.335,2775.949
"2012-08-31 03:00:00",13168,11.87,1153.635,1375.401,1211.13,2775.88
"2012-08-31 03:10:00",13169,11.87,1153.635,1375.538,1211.13,2775.949
"2012-08-31 03:20:00",13170,11.87,1153.661,1375.431,1211.157,2775.873
"2012-08-31 03:30:00",13171,11.87,1153.667,1375.439,1211.164,2775.957
"2012-08-31 03:40:00",13172,11.87,1153.738,1375.524,1211.307,2776.06
"2012-08-31 03:50:00",13173,11.87,1153.763,1375.553,1211.264,2776.187
"2012-08-31 04:00:00",13174,11.87,1153.823,1375.626,1211.328,2776.471
"2012-08-31 04:10:00",13175,11.87,1153.781,1375.575,1211.283,2776.231
"2012-08-31 04:20:00",13176,11.87,1153.848,1375.655,1211.353,2776.803
"2012-08-31 04:30:00",13177,11.87,1153.968,1375.798,1211.48,2777.778
"2012-08-31 04:40:00",13178,11.87,1153.985,1375.818,1211.497,2777.681
"2012-08-31 04:50:00",13179,11.86,1154.016,1375.856,1211.53,2778.031
"2012-08-31 05:00:00",13180,11.86,1154.026,1376.004,1211.677,2778.053
"2012-08-31 05:10:00",13181,11.86,1154.029,1375.87,1211.68,2778.128
"2012-08-31 05:20:00",13182,11.86,1154.03,1375.871,1211.544,2778.13
"2012-08-31 05:30:00",13183,11.86,1154.03,1375.871,1212.092,2778.131
"2012-08-31 05:40:00",13184,11.86,1154.03,1375.803,1211.544,2777.994
"2012-08-31 05:50:00",13185,11.86,1154.03,1375.871,1211.681,2777.925
"2012-08-31 06:00:00",13186,11.86,1154.03,1375.871,1211.544,2777.925
"2012-08-31 06:10:00",13187,11.86,1154.03,1375.871,1211.544,2778.131
"2012-08-31 06:20:00",13188,11.85,1154.03,1375.871,1211.681,2777.994
"2012-08-31 06:30:00",13189,11.85,1154.03,1375.871,1211.544,2778.131
"2012-08-31 06:40:00",13190,11.86,1154.03,1375.871,1211.613,2778.131
"2012-08-31 06:50:00",13191,11.88,1154.03,1375.871,1211.613,2778.131
"2012-08-31 07:00:00",13192,11.9,1154.03,1375.871,1211.75,2778.131
"2012-08-31 07:10:00",13193,11.91,1154.03,1375.871,1211.544,2778.131
"2012-08-31 07:20:00",13194,11.94,1154.03,1375.871,1211.544,2778.131
"2012-08-31 07:30:00",13195,11.96,1154.03,1375.871,1211.544,2778.131
"2012-08-31 07:40:00",13196,12.01,1154.03,1375.871,1211.544,2778.062
"2012-08-31 07:50:00",13197,12.15,1154.015,1375.854,1211.529,2778.097
"2012-08-31 08:00:00",13198,12.11,1153.936,1375.76,1211.446,2777.905
"2012-08-31 08:10:00",13199,12.18,1153.792,1375.588,1211.294,2777.489
"2012-08-31 08:20:00",13200,12.15,1153.681,1375.456,1211.179,2777.292
"2012-08-31 08:30:00",13201,12.15,1153.649,1375.418,1210.94,2777.215
"2012-08-31 08:40:00",13202,12.2,1153.64,1375.406,1211.135,2776.986
"2012-08-31 08:50:00",13203,12.19,1153.5,1375.403,1211.132,2776.979
"2012-08-31 09:00:00",13204,12.16,1152.472,1375.196,1211.131,2776.498
"2012-08-31 09:10:00",13205,12.19,1152.233,1374.266,1211.095,2775.732
"2012-08-31 09:20:00",13206,12.24,1152.078,1373.807,1211.206,2775.358
"2012-08-31 09:30:00",13207,12.6,1152.344,1373.635,1210.575,2775.01
"2012-08-31 09:40:00",13208,12.89,1153.26,1373.448,1210.599,2775.044
"2012-08-31 09:50:00",13209,12.86,1153.247,1373.501,1210.312,2775.492
"2012-08-31 10:00:00",13210,12.66,1152.558,1373.291,1210.513,2776.03
"2012-08-31 10:10:00",13211,12.59,1151.686,1372.464,1210.25,2775.332
"2012-08-31 10:20:00",13212,12.82,1150.708,1372.276,1209.332,2775.567
"2012-08-31 10:30:00",13213,13.13,1150.769,1371.776,1208.843,2774.907
"2012-08-31 10:40:00",13214,13.09,1150.124,1371.604,1209.358,2775.039
"2012-08-31 10:50:00",13215,12.98,1150.085,1371.763,1210.207,2774.809
"2012-08-31 11:00:00",13216,12.86,1149.867,1371.434,1210.046,2774.282
"2012-08-31 11:10:00",13217,12.96,1150.788,1371.583,1209.936,2773.552
"2012-08-31 11:20:00",13218,13.21,1151.099,1371.409,1209.766,2773.066
"2012-08-31 11:30:00",13219,13.38,1150.816,1371.261,1209.551,2772.839
"2012-08-31 11:40:00",13220,13.66,1149.719,1370.984,1208.591,2772.559
"2012-08-31 11:50:00",13221,13.6,1149.718,1371.257,1208.658,2772.488
"2012-08-31 12:00:00",13222,13.95,1149.581,1371.257,1208.385,2772.83
"2012-08-31 12:10:00",13223,13.59,1148.487,1371.393,1207.974,2772.898
"2012-08-31 12:20:00",13224,13.94,1148.351,1370.983,1208.111,2772.625
"2012-08-31 12:30:00",13225,13.34,1148.282,1371.12,1208.385,2772.761
"2012-08-31 12:40:00",13226,13.06,1146.983,1370.573,1208.18,2771.941
"2012-08-31 12:50:00",13227,12.74,1146.983,1370.436,1208.111,2771.599
"2012-08-31 13:00:00",13228,12.91,1146.983,1369.684,1207.633,2771.394
"2012-08-31 13:10:00",13229,13.09,1146.983,1370.026,1207.291,2771.462
"2012-08-31 13:20:00",13230,12.76,1146.983,1370.231,1207.222,2771.325
"2012-08-31 13:30:00",13231,12.83,1146.983,1370.163,1207.291,2770.915
"2012-08-31 13:40:00",13232,12.89,1146.983,1369.889,1207.154,2770.3
"2012-08-31 13:50:00",13233,12.71,1147.086,1370.08,1207.125,2770.479
"2012-08-31 14:00:00",13234,12.68,1147.169,1370.385,1207.349,2770.27
"2012-08-31 14:10:00",13235,12.62,1147.23,1370.457,1207.55,2770.69
"2012-08-31 14:20:00",13236,12.55,1147.293,1370.259,1207.48,2770.98
"2012-08-31 14:30:00",13237,12.62,1147.274,1370.318,1207.532,2771.1
"2012-08-31 14:40:00",13238,12.76,1147.365,1370.756,1207.761,2771.223
"2012-08-31 14:50:00",13239,12.71,1147.372,1370.764,1207.7,2770.761
"2012-08-31 15:00:00",13240,12.82,1147.374,1371.519,1207.976,2771.176
"2012-08-31 15:10:00",13241,12.61,1147.375,1371.451,1207.703,2770.904
"2012-08-31 15:20:00",13242,12.67,1147.375,1371.52,1207.43,2770.767
"2012-08-31 15:30:00",13243,12.53,1147.375,1371.725,1207.703,2771.109
"2012-08-31 15:40:00",13244,12.59,1147.375,1371.725,1207.566,2771.041
"2012-08-31 15:50:00",13245,12.53,1147.375,1371.588,1208.524,2770.972
"2012-08-31 16:00:00",13246,12.5,1147.375,1371.725,1208.592,2771.178
"2012-08-31 16:10:00",13247,12.52,1147.375,1371.725,1208.592,2771.041
"2012-08-31 16:20:00",13248,12.28,1148.538,1371.725,1208.934,2771.178
"2012-08-31 16:30:00",13249,12.16,1148.743,1371.725,1208.934,2771.178
"2012-08-31 16:40:00",13250,12.13,1148.782,1371.771,1209.386,2771.272
"2012-08-31 16:50:00",13251,12.11,1148.813,1372.013,1209.281,2772.577
"2012-08-31 17:00:00",13252,12.09,1148.848,1372.74,1210.003,2772.664
"2012-08-31 17:10:00",13253,12.11,1149.003,1373.199,1210.098,2773.175
"2012-08-31 17:20:00",13254,12.08,1149.094,1373.513,1210.399,2773.395
"2012-08-31 17:30:00",13255,12.06,1149.139,1373.566,1210.309,2773.365
"2012-08-31 17:40:00",13256,12.06,1149.356,1373.826,1210.674,2773.752
"2012-08-31 17:50:00",13257,12.06,1150.297,1373.969,1211.075,2774.316
"2012-08-31 18:00:00",13258,12.05,1150.813,1374.013,1211.113,2773.994
"2012-08-31 18:10:00",13259,12.05,1150.893,1374.027,1211.125,2774.363
"2012-08-31 18:20:00",13260,12.04,1151.03,1374.191,1211.27,2774.695
"2012-08-31 18:30:00",13261,12.04,1151.205,1374.4,1211.454,2775.185
"2012-08-31 18:40:00",13262,12.03,1151.265,1374.471,1211.517,2775.33
"2012-08-31 18:50:00",13263,12.03,1151.283,1374.493,1211.536,2775.374
"2012-08-31 19:00:00",13264,12.03,1151.289,1374.5,1211.542,2775.387
"2012-08-31 19:10:00",13265,12.03,1151.29,1374.501,1211.544,2775.391
"2012-08-31 19:20:00",13266,12.02,1151.291,1374.502,1211.544,2775.392
"2012-08-31 19:30:00",13267,12.02,1152.113,1374.502,1211.544,2775.392
"2012-08-31 19:40:00",13268,12.01,1152.66,1374.707,1211.544,2775.392
"2012-08-31 19:50:00",13269,12.01,1152.66,1375.734,1211.544,2775.392
"2012-08-31 20:00:00",13270,12.01,1152.66,1375.666,1211.544,2775.392
"2012-08-31 20:10:00",13271,12.01,1152.66,1375.734,1211.544,2775.392
"2012-08-31 20:20:00",13272,12.01,1152.66,1375.871,1211.544,2775.392
"2012-08-31 20:30:00",13273,12,1152.66,1375.871,1211.544,2775.392
"2012-08-31 20:40:00",13274,12,1152.66,1375.871,1211.544,2775.392
"2012-08-31 20:50:00",13275,12,1152.66,1375.871,1211.544,2775.392
"2012-08-31 21:00:00",13276,12,1152.66,1375.871,1211.544,2775.392
"2012-08-31 21:10:00",13277,11.99,1152.66,1375.871,1211.544,2775.392
"2012-08-31 21:20:00",13278,11.99,1152.66,1375.871,1211.544,2775.392
"2012-08-31 21:30:00",13279,11.99,1152.66,1375.871,1211.544,2775.392
"2012-08-31 21:40:00",13280,11.99,1152.66,1375.871,1211.544,2775.392
"2012-08-31 21:50:00",13281,11.99,1152.687,1375.904,1211.573,2775.458
"2012-08-31 22:00:00",13282,11.99,1152.693,1375.911,1211.579,2775.472
"2012-08-31 22:10:00",13283,11.99,1152.691,1375.908,1211.577,2775.467
"2012-08-31 22:20:00",13284,11.99,1152.709,1375.929,1211.595,2775.509
"2012-08-31 22:30:00",13285,11.99,1152.745,1375.973,1211.633,2775.596
"2012-08-31 22:40:00",13286,11.99,1152.847,1376.094,1211.74,2776.047
"2012-08-31 22:50:00",13287,11.98,1152.942,1376.208,1211.841,2776.756
"2012-08-31 23:00:00",13288,11.98,1152.958,1376.226,1211.994,2777.41
"2012-08-31 23:10:00",13289,11.98,1153.031,1376.15,1212.885,2777.324
"2012-08-31 23:20:00",13290,11.98,1153.666,1376.092,1213.039,2777.206
"2012-08-31 23:30:00",13291,11.98,1153.79,1376.075,1213.093,2777.173
"2012-08-31 23:40:00",13292,11.98,1153.823,1376.033,1213.056,2777.088
"2012-08-31 23:50:00",13293,11.98,1154.137,1375.999,1213.026,2777.019
"2012-09-01 00:00:00",13294,11.97,1154.067,1376.08,1213.097,2777.182
"2012-09-01 00:10:00",13295,11.97,1154.196,1376.152,1213.161,2777.327
"2012-09-01 00:20:00",13296,11.97,1154.198,1376.235,1213.234,2777.496
"2012-09-01 00:30:00",13297,11.97,1153.954,1376.271,1213.266,2777.568
"2012-09-01 00:40:00",13298,11.97,1153.359,1376.297,1213.289,2777.621
"2012-09-01 00:50:00",13299,11.97,1153.18,1376.329,1213.317,2777.685
"2012-09-01 01:00:00",13300,11.97,1153.257,1376.338,1213.325,2777.704
"2012-09-01 01:10:00",13301,11.97,1153.191,1376.341,1213.328,2777.71
"2012-09-01 01:20:00",13302,11.97,1153.123,1376.342,1213.329,2777.712
"2012-09-01 01:30:00",13303,11.97,1153.055,1376.343,1213.329,2777.712
"2012-09-01 01:40:00",13304,11.96,1153.192,1376.343,1213.329,2777.712
"2012-09-01 01:50:00",13305,11.96,1153.123,1376.343,1213.329,2777.712
"2012-09-01 02:00:00",13306,11.96,1153.055,1376.343,1213.329,2777.712
"2012-09-01 02:10:00",13307,11.96,1153.055,1376.343,1213.329,2777.712
"2012-09-01 02:20:00",13308,11.96,1153.055,1376.343,1213.329,2777.712
"2012-09-01 02:30:00",13309,11.96,1153.055,1376.343,1213.329,2777.712
"2012-09-01 02:40:00",13310,11.95,1153.055,1376.343,1213.329,2777.712
"2012-09-01 02:50:00",13311,11.95,1153.055,1376.343,1213.329,2777.712
"2012-09-01 03:00:00",13312,11.95,1153.055,1376.343,1213.329,2777.712
"2012-09-01 03:10:00",13313,11.95,1153.055,1376.343,1213.329,2777.712
"2012-09-01 03:20:00",13314,11.95,1153.055,1376.343,1213.329,2777.712
"2012-09-01 03:30:00",13315,11.95,1153.055,1376.343,1213.329,2777.712
"2012-09-01 03:40:00",13316,11.95,1153.534,1376.343,1213.329,2777.712
"2012-09-01 03:50:00",13317,11.95,1154.425,1376.343,1213.329,2777.712
"2012-09-01 04:00:00",13318,11.95,1154.425,1376.548,1213.329,2777.712
"2012-09-01 04:10:00",13319,11.94,1154.425,1377.575,1213.329,2778.055
"2012-09-01 04:20:00",13320,11.94,1154.425,1377.712,1213.329,2778.671
"2012-09-01 04:30:00",13321,11.94,1154.403,1377.686,1213.305,2778.823
"2012-09-01 04:40:00",13322,11.93,1154.307,1377.571,1213.204,2778.661
"2012-09-01 04:50:00",13323,11.93,1154.166,1377.403,1213.056,2778.321
"2012-09-01 05:00:00",13324,11.93,1154.072,1377.292,1212.958,2778.028
"2012-09-01 05:10:00",13325,11.93,1154.043,1377.257,1212.927,2778.163
"2012-09-01 05:20:00",13326,11.93,1154.034,1377.246,1212.918,2778.072
"2012-09-01 05:30:00",13327,11.93,1154.031,1377.242,1212.915,2778.065
"2012-09-01 05:40:00",13328,11.93,1154.03,1377.241,1212.914,2777.927
"2012-09-01 05:50:00",13329,11.92,1154.03,1377.241,1212.914,2777.79
"2012-09-01 06:00:00",13330,11.92,1154.03,1377.241,1212.914,2777.858
"2012-09-01 06:10:00",13331,11.92,1154.03,1377.241,1212.914,2777.721
"2012-09-01 06:20:00",13332,11.92,1154.03,1377.241,1212.914,2777.858
"2012-09-01 06:30:00",13333,11.92,1154.03,1377.241,1212.914,2777.516
"2012-09-01 06:40:00",13334,11.93,1154.03,1377.241,1212.914,2777.242
"2012-09-01 06:50:00",13335,11.94,1154.034,1377.246,1212.918,2777.183
"2012-09-01 07:00:00",13336,11.96,1153.996,1377.283,1212.951,2776.915
"2012-09-01 07:10:00",13337,11.98,1154.088,1377.311,1212.975,2776.902
"2012-09-01 07:20:00",13338,12,1154.134,1377.365,1213.023,2777.011
"2012-09-01 07:30:00",13339,12.02,1154.063,1377.363,1213.021,2777.007
"2012-09-01 07:40:00",13340,12.05,1154.048,1377.344,1213.004,2776.969
"2012-09-01 07:50:00",13341,12.17,1154.068,1376.738,1212.953,2776.853
"2012-09-01 08:00:00",13342,12.17,1154.042,1376.433,1212.926,2776.79
"2012-09-01 08:10:00",13343,12.2,1153.006,1376.424,1212.918,2776.771
"2012-09-01 08:20:00",13344,12.21,1152.661,1377.174,1212.915,2776.901
"2012-09-01 08:30:00",13345,12.22,1152.661,1376.831,1212.914,2777.448
"2012-09-01 08:40:00",13346,12.28,1151.634,1375.872,1212.777,2776.831
"2012-09-01 08:50:00",13347,12.33,1151.272,1375.849,1212.689,2776.717
"2012-09-01 09:00:00",13348,12.27,1151.056,1375.59,1212.666,2776.194
"2012-09-01 09:10:00",13349,12.27,1150.741,1375.459,1212.55,2775.108
"2012-09-01 09:20:00",13350,12.32,1150.775,1375.35,1212.515,2775.642
"2012-09-01 09:30:00",13351,12.59,1151.039,1375.27,1212.504,2775.686
"2012-09-01 09:40:00",13352,12.88,1152.268,1375.266,1212.501,2775.815
"2012-09-01 09:50:00",13353,12.95,1152.108,1373.844,1212.333,2775.636
"2012-09-01 10:00:00",13354,12.73,1151.258,1373.646,1211.884,2776.125
"2012-09-01 10:10:00",13355,12.66,1150.525,1373.588,1212.107,2776.008
"2012-09-01 10:20:00",13356,12.81,1150.431,1373.475,1211.871,2776.055
"2012-09-01 10:30:00",13357,13.14,1150.25,1373.259,1211.133,2775.618
"2012-09-01 10:40:00",13358,13.45,1150.152,1373.142,1211.714,2776.202
"2012-09-01 10:50:00",13359,13.29,1150.124,1373.792,1212.505,2776.339
"2012-09-01 11:00:00",13360,13.06,1150.066,1373.928,1212.991,2776.473
"2012-09-01 11:10:00",13361,13.21,1150.661,1374.002,1212.754,2775.861
"2012-09-01 11:20:00",13362,13.35,1151.123,1374.036,1212.663,2775.243
"2012-09-01 11:30:00",13363,13.49,1151.097,1373.868,1212.499,2774.976
"2012-09-01 11:40:00",13364,13.78,1151.089,1373.996,1212.491,2774.547
"2012-09-01 11:50:00",13365,13.95,1150.471,1373.993,1212.215,2774.678
"2012-09-01 12:00:00",13366,14.52,1149.718,1373.992,1211.53,2775.36
"2012-09-01 12:10:00",13367,13.95,1149.718,1373.992,1211.257,2775.496
"2012-09-01 12:20:00",13368,13.69,1149.445,1373.992,1211.325,2775.223
"2012-09-01 12:30:00",13369,13.86,1148.351,1373.923,1211.12,2775.223
"2012-09-01 12:40:00",13370,12.88,1148.351,1373.855,1211.667,2774.334
"2012-09-01 12:50:00",13371,12.85,1148.351,1373.581,1211.667,2774.334
"2012-09-01 13:00:00",13372,12.71,1148.351,1373.376,1211.53,2774.334
"2012-09-01 13:10:00",13373,12.97,1148.351,1372.829,1211.393,2774.334
"2012-09-01 13:20:00",13374,12.81,1148.351,1372.488,1210.641,2774.06
"2012-09-01 13:30:00",13375,12.82,1148.351,1372.624,1211.257,2774.334
"2012-09-01 13:40:00",13376,12.9,1148.365,1372.641,1211.272,2773.684
"2012-09-01 13:50:00",13377,12.82,1148.302,1372.729,1211.349,2773.863
"2012-09-01 14:00:00",13378,12.69,1148.452,1372.883,1211.227,2773.281
"2012-09-01 14:10:00",13379,12.78,1148.501,1372.872,1211.21,2773.261
"2012-09-01 14:20:00",13380,12.58,1148.541,1373.809,1211.389,2773.495
"2012-09-01 14:30:00",13381,12.5,1147.845,1373.384,1211.444,2773.602
"2012-09-01 14:40:00",13382,12.63,1148.025,1373.039,1211.015,2773.939
"2012-09-01 14:50:00",13383,12.64,1148.709,1373.052,1211.498,2773.832
"2012-09-01 15:00:00",13384,12.68,1148.732,1373.081,1211.523,2773.957
"2012-09-01 15:10:00",13385,12.68,1148.74,1373.158,1211.394,2773.975
"2012-09-01 15:20:00",13386,12.62,1148.742,1374.187,1211.533,2774.459
"2012-09-01 15:30:00",13387,12.53,1148.743,1374.324,1211.67,2774.461
"2012-09-01 15:40:00",13388,12.62,1148.743,1374.393,1211.67,2774.256
"2012-09-01 15:50:00",13389,12.66,1149.427,1374.256,1211.67,2774.735
"2012-09-01 16:00:00",13390,12.37,1149.906,1374.461,1211.67,2774.666
"2012-09-01 16:10:00",13391,12.48,1149.7,1374.393,1211.807,2775.077
"2012-09-01 16:20:00",13392,12.33,1149.837,1374.187,1211.67,2775.008
"2012-09-01 16:30:00",13393,12.32,1150.111,1374.324,1211.533,2774.324
"2012-09-01 16:40:00",13394,12.23,1150.111,1374.461,1211.67,2773.914
"2012-09-01 16:50:00",13395,12.19,1150.111,1374.461,1211.67,2774.051
"2012-09-01 17:00:00",13396,12.17,1150.184,1374.549,1211.748,2774.501
"2012-09-01 17:10:00",13397,12.16,1150.205,1374.573,1211.906,2775.03
"2012-09-01 17:20:00",13398,12.15,1150.23,1374.603,1212.138,2775.227
"2012-09-01 17:30:00",13399,12.14,1150.255,1374.633,1211.89,2775.561
"2012-09-01 17:40:00",13400,12.13,1150.421,1374.832,1212.202,2776.031
"2012-09-01 17:50:00",13401,12.13,1150.615,1374.9,1212.878,2776.169
"2012-09-01 18:00:00",13402,12.12,1151.728,1374.922,1213.445,2776.212
"2012-09-01 18:10:00",13403,12.12,1151.87,1374.928,1213.451,2776.226
"2012-09-01 18:20:00",13404,12.12,1151.872,1375.341,1213.452,2776.229
"2012-09-01 18:30:00",13405,12.11,1151.872,1376.026,1213.453,2776.231
"2012-09-01 18:40:00",13406,12.1,1151.975,1376.422,1213.561,2776.479
"2012-09-01 18:50:00",13407,12.1,1152.158,1376.64,1213.754,2776.919
"2012-09-01 19:00:00",13408,12.1,1152.233,1376.73,1213.832,2777.099
"2012-09-01 19:10:00",13409,12.09,1152.256,1376.758,1213.857,2777.156
"2012-09-01 19:20:00",13410,12.09,1153.016,1376.767,1213.865,2777.174
"2012-09-01 19:30:00",13411,12.09,1153.635,1376.769,1213.867,2777.179
"2012-09-01 19:40:00",13412,12.09,1153.635,1376.77,1213.868,2777.181
"2012-09-01 19:50:00",13413,12.08,1153.635,1376.77,1213.936,2777.455
"2012-09-01 20:00:00",13414,12.08,1153.635,1377.386,1213.868,2778.55
"2012-09-01 20:10:00",13415,12.08,1153.635,1377.797,1213.936,2778.55
"2012-09-01 20:20:00",13416,12.08,1153.635,1378.139,1214.142,2778.55
"2012-09-01 20:30:00",13417,12.08,1153.772,1378.002,1214.689,2778.55
"2012-09-01 20:40:00",13418,12.07,1154.594,1378.139,1215.031,2778.55
"2012-09-01 20:50:00",13419,12.07,1155.004,1378.139,1215.168,2779.097
"2012-09-01 21:00:00",13420,12.07,1155.004,1378.139,1215.168,2779.713
"2012-09-01 21:10:00",13421,12.07,1155.004,1378.139,1215.237,2779.918
"2012-09-01 21:20:00",13422,12.07,1155.004,1378.139,1215.237,2779.918
"2012-09-01 21:30:00",13423,12.06,1155.004,1378.139,1215.237,2779.918
"2012-09-01 21:40:00",13424,12.06,1155.004,1378.139,1215.237,2779.918
"2012-09-01 21:50:00",13425,12.06,1155.004,1378.139,1215.237,2779.918
"2012-09-01 22:00:00",13426,12.06,1155.004,1378.139,1215.237,2779.918
"2012-09-01 22:10:00",13427,12.06,1155.004,1378.139,1215.237,2779.918
"2012-09-01 22:20:00",13428,12.06,1155.209,1378.139,1215.237,2779.918
"2012-09-01 22:30:00",13429,12.06,1155.757,1378.139,1215.374,2779.918
"2012-09-01 22:40:00",13430,12.05,1156.236,1378.139,1215.237,2779.918
"2012-09-01 22:50:00",13431,12.05,1156.168,1378.139,1215.237,2779.918
"2012-09-01 23:00:00",13432,12.05,1155.962,1378.139,1215.237,2779.918
"2012-09-01 23:10:00",13433,12.05,1156.099,1378.139,1215.237,2779.987
"2012-09-01 23:20:00",13434,12.05,1156.099,1378.139,1215.237,2779.987
"2012-09-01 23:30:00",13435,12.05,1156.236,1378.139,1215.237,2780.055
"2012-09-01 23:40:00",13436,12.05,1156.305,1378.139,1215.237,2779.918
"2012-09-01 23:50:00",13437,12.04,1156.168,1378.139,1215.237,2779.987
"2012-09-02 00:00:00",13438,12.04,1156.168,1378.139,1215.237,2779.918
"2012-09-02 00:10:00",13439,12.04,1155.757,1378.139,1215.237,2779.918
"2012-09-02 00:20:00",13440,12.03,1155.346,1378.139,1215.237,2779.918
"2012-09-02 00:30:00",13441,12.03,1155.689,1378.139,1215.237,2779.987
"2012-09-02 00:40:00",13442,12.03,1156.02,1378.208,1215.297,2780.057
"2012-09-02 00:50:00",13443,12.03,1155.52,1378.32,1216.234,2780.281
"2012-09-02 01:00:00",13444,12.03,1155.631,1378.152,1216.002,2780.425
"2012-09-02 01:10:00",13445,12.03,1155.283,1378.227,1215.383,2780.096
"2012-09-02 01:20:00",13446,12.02,1155.531,1378.359,1215.431,2780.362
"2012-09-02 01:30:00",13447,12.02,1155.672,1378.527,1215.579,2780.702
"2012-09-02 01:40:00",13448,12.02,1155.583,1378.654,1215.63,2780.956
"2012-09-02 01:50:00",13449,12.02,1155.599,1378.603,1215.715,2782.225
"2012-09-02 02:00:00",13450,12.02,1155.603,1378.608,1215.719,2782.235
"2012-09-02 02:10:00",13451,12.01,1155.878,1378.61,1215.652,2782.169
"2012-09-02 02:20:00",13452,12.01,1156.563,1378.61,1215.652,2782.17
"2012-09-02 02:30:00",13453,12.01,1156.631,1378.679,1215.652,2782.17
"2012-09-02 02:40:00",13454,12.01,1156.358,1378.61,1215.721,2782.239
"2012-09-02 02:50:00",13455,12.01,1156.289,1378.61,1215.721,2782.239
"2012-09-02 03:00:00",13456,12.01,1156.563,1378.61,1215.652,2782.239
"2012-09-02 03:10:00",13457,12.01,1155.947,1378.61,1215.652,2782.239
"2012-09-02 03:20:00",13458,12.01,1156.084,1378.61,1215.652,2782.239
"2012-09-02 03:30:00",13459,12,1155.81,1378.61,1215.721,2782.239
"2012-09-02 03:40:00",13460,12,1155.741,1378.679,1215.652,2782.239
"2012-09-02 03:50:00",13461,12,1155.536,1378.816,1215.652,2782.239
"2012-09-02 04:00:00",13462,11.99,1155.399,1378.61,1215.652,2782.034
"2012-09-02 04:10:00",13463,11.99,1155.399,1378.61,1215.652,2781.691
"2012-09-02 04:20:00",13464,11.99,1155.399,1378.61,1215.652,2781.143
"2012-09-02 04:30:00",13465,11.99,1155.399,1378.61,1215.652,2780.938
"2012-09-02 04:40:00",13466,11.99,1155.399,1378.61,1215.652,2780.87
"2012-09-02 04:50:00",13467,11.99,1155.399,1378.747,1215.652,2780.87
"2012-09-02 05:00:00",13468,11.99,1155.399,1378.61,1215.652,2780.87
"2012-09-02 05:10:00",13469,11.98,1155.399,1378.61,1215.652,2780.87
"2012-09-02 05:20:00",13470,11.98,1155.399,1378.61,1215.652,2780.938
"2012-09-02 05:30:00",13471,11.98,1155.399,1378.61,1215.652,2780.938
"2012-09-02 05:40:00",13472,11.98,1155.399,1378.61,1215.652,2780.87
"2012-09-02 05:50:00",13473,11.98,1155.399,1378.61,1215.652,2780.87
"2012-09-02 06:00:00",13474,11.98,1155.399,1378.61,1215.652,2780.87
"2012-09-02 06:10:00",13475,11.98,1155.399,1378.61,1215.652,2780.87
"2012-09-02 06:20:00",13476,11.98,1155.399,1378.61,1215.652,2780.87
"2012-09-02 06:30:00",13477,11.97,1155.399,1378.61,1215.652,2780.87
"2012-09-02 06:40:00",13478,11.98,1155.399,1378.61,1215.652,2780.87
"2012-09-02 06:50:00",13479,11.99,1155.399,1378.61,1215.652,2780.87
"2012-09-02 07:00:00",13480,12.01,1155.399,1378.61,1215.652,2780.87
"2012-09-02 07:10:00",13481,12.03,1155.399,1378.61,1215.652,2780.87
"2012-09-02 07:20:00",13482,12.05,1155.399,1378.61,1215.652,2780.87
"2012-09-02 07:30:00",13483,12.06,1156.631,1378.61,1215.789,2780.87
"2012-09-02 07:40:00",13484,12.09,1156.768,1378.61,1215.926,2780.87
"2012-09-02 07:50:00",13485,12.15,1156.768,1379.021,1215.652,2782.17
"2012-09-02 08:00:00",13486,12.19,1156.768,1378.747,1215.652,2782.239
"2012-09-02 08:10:00",13487,12.21,1156.768,1379.98,1215.652,2782.924
"2012-09-02 08:20:00",13488,12.24,1156.753,1379.961,1215.773,2783.57
"2012-09-02 08:30:00",13489,12.29,1156.539,1379.705,1215.411,2782.644
"2012-09-02 08:40:00",13490,12.34,1156.355,1379.568,1215.29,2782.572
"2012-09-02 08:50:00",13491,12.37,1155.293,1378.499,1215.252,2782.008
"2012-09-02 09:00:00",13492,12.3,1154.074,1378.009,1215.123,2781.026
"2012-09-02 09:10:00",13493,12.31,1153.35,1377.73,1214.937,2780.19
"2012-09-02 09:20:00",13494,12.36,1153.205,1376.543,1214.855,2779.046
"2012-09-02 09:30:00",13495,12.63,1153.251,1376.311,1214.832,2778.992
"2012-09-02 09:40:00",13496,12.79,1153.236,1376.294,1214.816,2778.957
"2012-09-02 09:50:00",13497,12.8,1153.102,1375.724,1213.786,2778.634
"2012-09-02 10:00:00",13498,12.67,1152.974,1374.613,1213.172,2779.488
"2012-09-02 10:10:00",13499,12.57,1151.601,1374.525,1213.232,2779.516
"2012-09-02 10:20:00",13500,12.64,1151.495,1374.481,1213.056,2779.426
"2012-09-02 10:30:00",13501,12.99,1151.432,1374.815,1212.989,2780.161
"2012-09-02 10:40:00",13502,13.3,1151.217,1374.422,1212.762,2780.121
"2012-09-02 10:50:00",13503,13.14,1151.126,1375.339,1213.76,2779.696
"2012-09-02 11:00:00",13504,12.95,1151.098,1374.28,1214.004,2779.218
"2012-09-02 11:10:00",13505,13.06,1151.089,1374.201,1213.995,2778.581
"2012-09-02 11:20:00",13506,13.14,1151.087,1375.36,1213.993,2778.439
"2012-09-02 11:30:00",13507,13.29,1151.126,1375.325,1213.962,2777.752
"2012-09-02 11:40:00",13508,13.66,1151.001,1375.258,1213.902,2778.026
"2012-09-02 11:50:00",13509,13.79,1150.73,1375.097,1213.76,2777.907
"2012-09-02 12:00:00",13510,14.07,1149.692,1375.001,1213.676,2777.712
"2012-09-02 12:10:00",13511,14.14,1149.376,1374.95,1213.631,2777.61
"2012-09-02 12:20:00",13512,14.45,1148.394,1374.921,1212.374,2777.55
"2012-09-02 12:30:00",13513,13.65,1148.05,1373.905,1212.307,2777.64
"2012-09-02 12:40:00",13514,12.88,1148.188,1373.798,1212.453,2776.882
"2012-09-02 12:50:00",13515,12.63,1148.302,1373.934,1212.573,2776.952
"2012-09-02 13:00:00",13516,12.74,1147.57,1373.957,1212.594,2776.999
"2012-09-02 13:10:00",13517,13.04,1146.936,1373.936,1212.575,2776.887
"2012-09-02 13:20:00",13518,12.88,1147.037,1373.906,1212.541,2776.556
"2012-09-02 13:30:00",13519,12.78,1146.979,1373.918,1212.073,2775.691
"2012-09-02 13:40:00",13520,12.84,1146.982,1373.99,1212.144,2775.698
"2012-09-02 13:50:00",13521,12.71,1146.983,1373.854,1211.461,2774.469
"2012-09-02 14:00:00",13522,12.6,1146.983,1373.718,1211.393,2774.333
"2012-09-02 14:10:00",13523,12.54,1146.983,1373.991,1211.256,2774.333
"2012-09-02 14:20:00",13524,12.65,1146.983,1373.854,1211.256,2774.333
"2012-09-02 14:30:00",13525,12.59,1146.983,1373.991,1211.256,2773.581
"2012-09-02 14:40:00",13526,12.56,1146.983,1373.718,1211.256,2772.965
"2012-09-02 14:50:00",13527,12.54,1146.983,1373.923,1211.256,2772.965
"2012-09-02 15:00:00",13528,12.54,1146.983,1373.991,1211.256,2772.965
"2012-09-02 15:10:00",13529,12.6,1146.983,1373.991,1211.256,2772.965
"2012-09-02 15:20:00",13530,12.72,1146.983,1373.991,1211.256,2772.965
"2012-09-02 15:30:00",13531,12.49,1146.983,1373.991,1211.256,2772.965
"2012-09-02 15:40:00",13532,12.48,1146.983,1373.991,1211.256,2772.965
"2012-09-02 15:50:00",13533,12.56,1146.983,1373.991,1211.256,2772.965
"2012-09-02 16:00:00",13534,12.92,1146.983,1374.401,1211.94,2772.965
"2012-09-02 16:10:00",13535,12.56,1146.983,1373.991,1212.624,2772.965
"2012-09-02 16:20:00",13536,12.35,1146.983,1373.991,1212.624,2772.965
"2012-09-02 16:30:00",13537,12.31,1146.983,1374.333,1212.624,2773.034
"2012-09-02 16:40:00",13538,12.27,1146.983,1375.154,1212.624,2772.965
"2012-09-02 16:50:00",13539,12.24,1146.983,1375.154,1212.624,2772.965
"2012-09-02 17:00:00",13540,12.21,1146.983,1375.359,1212.624,2772.965
"2012-09-02 17:10:00",13541,12.19,1146.983,1375.359,1212.624,2772.965
"2012-09-02 17:20:00",13542,12.17,1147.023,1375.407,1212.667,2773.064
"2012-09-02 17:30:00",13543,12.16,1147.21,1375.632,1212.865,2773.516
"2012-09-02 17:40:00",13544,12.15,1148.213,1375.768,1212.984,2773.791
"2012-09-02 17:50:00",13545,12.15,1148.727,1375.81,1213.022,2773.876
"2012-09-02 18:00:00",13546,12.15,1148.738,1375.892,1213.102,2773.903
"2012-09-02 18:10:00",13547,12.14,1148.77,1376.819,1213.067,2773.979
"2012-09-02 18:20:00",13548,12.14,1149.855,1377.232,1213.266,2774.122
"2012-09-02 18:30:00",13549,12.13,1150.235,1377.141,1213.443,2774.214
"2012-09-02 18:40:00",13550,12.13,1150.405,1377.207,1213.896,2774.624
"2012-09-02 18:50:00",13551,12.12,1150.474,1377.563,1214.721,2774.79
"2012-09-02 19:00:00",13552,12.12,1150.495,1377.52,1214.812,2774.84
"2012-09-02 19:10:00",13553,12.11,1150.501,1377.664,1214.818,2774.856
"2012-09-02 19:20:00",13554,12.11,1150.535,1377.705,1214.854,2774.937
"2012-09-02 19:30:00",13555,12.11,1151.208,1377.65,1214.987,2775.241
"2012-09-02 19:40:00",13556,12.1,1152.187,1378.044,1215.153,2775.62
"2012-09-02 19:50:00",13557,12.1,1152.243,1378.111,1215.212,2775.755
"2012-09-02 20:00:00",13558,12.09,1152.259,1378.131,1215.229,2775.795
"2012-09-02 20:10:00",13559,12.09,1152.264,1378.136,1215.235,2775.807
"2012-09-02 20:20:00",13560,12.08,1152.266,1378.138,1215.236,2775.811
"2012-09-02 20:30:00",13561,12.08,1152.266,1378.139,1215.237,2775.812
"2012-09-02 20:40:00",13562,12.08,1152.277,1378.152,1215.248,2776.386
"2012-09-02 20:50:00",13563,12.08,1152.372,1378.266,1215.349,2776.136
"2012-09-02 21:00:00",13564,12.07,1152.475,1378.388,1215.457,2776.451
"2012-09-02 21:10:00",13565,12.07,1152.526,1378.45,1215.511,2776.644
"2012-09-02 21:20:00",13566,12.07,1152.819,1378.555,1215.603,2777.129
"2012-09-02 21:30:00",13567,12.07,1153.4,1378.594,1215.638,2777.344
"2012-09-02 21:40:00",13568,12.07,1154.026,1378.606,1215.648,2777.916
"2012-09-02 21:50:00",13569,12.07,1153.96,1378.609,1215.651,2777.991
"2012-09-02 22:00:00",13570,12.06,1154.03,1378.61,1215.652,2777.925
"2012-09-02 22:10:00",13571,12.06,1154.03,1378.61,1215.652,2778.062
"2012-09-02 22:20:00",13572,12.06,1154.03,1378.61,1215.721,2778.062
"2012-09-02 22:30:00",13573,12.06,1154.03,1378.61,1216.132,2778.131
"2012-09-02 22:40:00",13574,12.06,1154.03,1378.61,1216.748,2778.131
"2012-09-02 22:50:00",13575,12.06,1154.03,1378.61,1216.679,2778.131
"2012-09-02 23:00:00",13576,12.06,1154.03,1378.61,1217.022,2778.131
"2012-09-02 23:10:00",13577,12.05,1154.03,1378.61,1217.022,2778.131
"2012-09-02 23:20:00",13578,12.05,1154.098,1378.61,1217.022,2778.131
"2012-09-02 23:30:00",13579,12.05,1155.285,1378.555,1216.973,2778.02
"2012-09-02 23:40:00",13580,12.05,1155.35,1379.1,1216.97,2778.013
"2012-09-02 23:50:00",13581,12.04,1155.299,1379.861,1216.917,2777.891
"2012-09-03 00:00:00",13582,12.04,1155.104,1379.627,1216.711,2778.79
"2012-09-03 00:10:00",13583,12.04,1155.035,1379.545,1216.638,2778.625
"2012-09-03 00:20:00",13584,12.04,1155.014,1379.519,1216.616,2778.573
"2012-09-03 00:30:00",13585,12.04,1155.007,1379.511,1216.609,2778.557
"2012-09-03 00:40:00",13586,12.04,1155.005,1379.509,1216.607,2778.552
"2012-09-03 00:50:00",13587,12.03,1155.005,1379.509,1216.606,2778.551
"2012-09-03 01:00:00",13588,12.03,1155.005,1379.508,1216.743,2778.551
"2012-09-03 01:10:00",13589,12.03,1155.484,1379.508,1216.606,2779.167
"2012-09-03 01:20:00",13590,12.03,1156.168,1379.508,1216.948,2779.783
"2012-09-03 01:30:00",13591,12.03,1156.305,1379.508,1217.496,2779.851
"2012-09-03 01:40:00",13592,12.03,1156.237,1379.508,1217.564,2779.303
"2012-09-03 01:50:00",13593,12.03,1156.237,1379.508,1217.701,2779.714
"2012-09-03 02:00:00",13594,12.02,1156.1,1379.508,1217.975,2779.646
"2012-09-03 02:10:00",13595,12.02,1156.237,1379.508,1217.838,2779.714
"2012-09-03 02:20:00",13596,12.02,1156.1,1379.508,1217.838,2779.646
"2012-09-03 02:30:00",13597,12.02,1156.374,1379.508,1217.975,2779.919
"2012-09-03 02:40:00",13598,12.02,1156.305,1379.508,1217.975,2779.919
"2012-09-03 02:50:00",13599,12.02,1156.237,1379.508,1217.975,2779.919
"2012-09-03 03:00:00",13600,12.02,1156.374,1379.508,1217.975,2779.919
"2012-09-03 03:10:00",13601,12.02,1156.305,1379.508,1217.975,2779.919
"2012-09-03 03:20:00",13602,12.02,1156.237,1379.508,1217.975,2779.919
"2012-09-03 03:30:00",13603,12.02,1156.305,1379.508,1217.975,2779.919
"2012-09-03 03:40:00",13604,12.01,1156.305,1379.508,1217.975,2779.919
"2012-09-03 03:50:00",13605,12.01,1156.237,1379.508,1217.975,2779.919
"2012-09-03 04:00:00",13606,12.01,1156.374,1379.508,1217.975,2779.919
"2012-09-03 04:10:00",13607,12.01,1156.305,1379.508,1217.975,2779.509
"2012-09-03 04:20:00",13608,12.01,1156.031,1379.508,1217.975,2779.851
"2012-09-03 04:30:00",13609,12.01,1155.689,1379.508,1217.975,2779.509
"2012-09-03 04:40:00",13610,12.01,1155.141,1379.508,1217.975,2779.646
"2012-09-03 04:50:00",13611,12.01,1155.347,1379.508,1217.975,2779.167
"2012-09-03 05:00:00",13612,12,1155.005,1379.508,1217.907,2778.893
"2012-09-03 05:10:00",13613,12,1155.073,1379.508,1216.812,2778.551
"2012-09-03 05:20:00",13614,12,1155.005,1379.508,1216.606,2778.551
"2012-09-03 05:30:00",13615,12,1155.049,1379.561,1216.653,2778.658
"2012-09-03 05:40:00",13616,12,1155.098,1379.62,1216.704,2778.775
"2012-09-03 05:50:00",13617,12,1155.224,1379.77,1216.837,2779.078
"2012-09-03 06:00:00",13618,12,1155.334,1379.902,1216.954,2779.344
"2012-09-03 06:10:00",13619,11.99,1155.38,1379.956,1217.001,2779.453
"2012-09-03 06:20:00",13620,11.99,1155.393,1379.973,1217.016,2779.487
"2012-09-03 06:30:00",13621,11.99,1155.398,1379.978,1217.02,2779.497
"2012-09-03 06:40:00",13622,12,1155.399,1379.979,1217.021,2779.5
"2012-09-03 06:50:00",13623,12.02,1155.399,1379.98,1217.022,2779.5
"2012-09-03 07:00:00",13624,12.03,1155.399,1379.98,1217.022,2779.5
"2012-09-03 07:10:00",13625,12.06,1155.399,1379.98,1217.022,2779.5
"2012-09-03 07:20:00",13626,12.07,1155.399,1379.98,1217.022,2779.5
"2012-09-03 07:30:00",13627,12.09,1155.399,1379.98,1217.022,2779.5
"2012-09-03 07:40:00",13628,12.12,1155.788,1379.953,1216.999,2779.447
"2012-09-03 07:50:00",13629,12.17,1156.363,1379.741,1216.812,2779.02
"2012-09-03 08:00:00",13630,12.24,1155.406,1379.579,1216.668,2778.693
"2012-09-03 08:10:00",13631,12.24,1155.021,1379.529,1216.624,2779.755
"2012-09-03 08:20:00",13632,12.3,1154.843,1379.315,1216.436,2779.53
"2012-09-03 08:30:00",13633,12.39,1154.681,1379.121,1216.265,2779.139
"2012-09-03 08:40:00",13634,12.46,1154.63,1378.309,1216.212,2779.019
"2012-09-03 08:50:00",13635,12.44,1153.795,1377.676,1216.197,2778.984
"2012-09-03 09:00:00",13636,12.36,1153.13,1377.535,1216.073,2778.7
"2012-09-03 09:10:00",13637,12.38,1153.047,1377.437,1215.986,2778.501
"2012-09-03 09:20:00",13638,12.41,1152.993,1377.234,1215.928,2778.164
"2012-09-03 09:30:00",13639,12.68,1152.892,1375.883,1215.822,2776.896
"2012-09-03 09:40:00",13640,12.85,1152.861,1375.23,1215.789,2776.683
"2012-09-03 09:50:00",13641,12.87,1152.714,1374.534,1214.821,2776.66
"2012-09-03 10:00:00",13642,12.77,1151.48,1374.463,1214.408,2777.063
"2012-09-03 10:10:00",13643,12.65,1151.358,1374.317,1214.142,2776.426
"2012-09-03 10:20:00",13644,12.71,1150.767,1374.102,1213.815,2776.881
"2012-09-03 10:30:00",13645,13.03,1149.745,1373.818,1212.857,2776.039
"2012-09-03 10:40:00",13646,13.42,1149.722,1373.86,1213.039,2776.053
"2012-09-03 10:50:00",13647,13.25,1149.673,1373.937,1213.944,2776.275
"2012-09-03 11:00:00",13648,13.11,1149.571,1373.816,1213.905,2775.825
"2012-09-03 11:10:00",13649,13.26,1149.403,1373.615,1214.616,2775.214
"2012-09-03 11:20:00",13650,13.36,1150.65,1373.471,1214.899,2774.65
"2012-09-03 11:30:00",13651,13.43,1150.436,1373.216,1214.673,2774.134
"2012-09-03 11:40:00",13652,13.63,1150.135,1373.101,1213.752,2773.766
"2012-09-03 11:50:00",13653,13.86,1148.946,1373.068,1213.176,2773.835
"2012-09-03 12:00:00",13654,14.29,1148.869,1373.058,1213.167,2773.746
"2012-09-03 12:10:00",13655,13.87,1147.909,1373.055,1213.164,2773.808
"2012-09-03 12:20:00",13656,13.99,1147.294,1373.054,1213.163,2773.806
"2012-09-03 12:30:00",13657,13.49,1146.474,1373.054,1213.163,2773.806
"2012-09-03 12:40:00",13658,12.87,1146.269,1373.054,1213.163,2773.396
"2012-09-03 12:50:00",13659,12.62,1146.238,1372.005,1213.202,2772.529
"2012-09-03 13:00:00",13660,12.67,1146.226,1371.719,1213.191,2772.503
"2012-09-03 13:10:00",13661,12.87,1146.284,1371.788,1213.252,2772.643
"2012-09-03 13:20:00",13662,12.78,1146.455,1371.992,1213.432,2772.713
"2012-09-03 13:30:00",13663,12.73,1146.55,1372.105,1213.259,2771.576
"2012-09-03 13:40:00",13664,12.78,1146.578,1372.14,1213.495,2770.689
"2012-09-03 13:50:00",13665,12.74,1146.587,1372.151,1213.436,2770.71
"2012-09-03 14:00:00",13666,12.63,1146.59,1372.974,1213.576,2770.785
"2012-09-03 14:10:00",13667,12.57,1146.629,1373.568,1213.617,2770.812
"2012-09-03 14:20:00",13668,12.66,1146.619,1373.556,1213.607,2770.72
"2012-09-03 14:30:00",13669,12.62,1146.679,1373.627,1213.67,2771.274
"2012-09-03 14:40:00",13670,12.59,1146.8,1373.69,1213.725,2771.606
"2012-09-03 14:50:00",13671,12.57,1147.946,1373.835,1213.853,2772.171
"2012-09-03 15:00:00",13672,12.56,1148.242,1373.944,1213.949,2772.87
"2012-09-03 15:10:00",13673,12.64,1148.339,1373.978,1213.979,2772.938
"2012-09-03 15:20:00",13674,12.73,1148.347,1374.876,1213.988,2772.957
"2012-09-03 15:30:00",13675,12.53,1148.349,1375.358,1214.127,2772.963
"2012-09-03 15:40:00",13676,12.5,1148.35,1375.359,1214.128,2772.965
"2012-09-03 15:50:00",13677,12.6,1148.35,1375.359,1215.085,2772.965
"2012-09-03 16:00:00",13678,12.85,1148.35,1375.359,1215.359,2774.128
"2012-09-03 16:10:00",13679,12.57,1148.692,1375.359,1215.359,2774.264
"2012-09-03 16:20:00",13680,12.4,1149.649,1375.359,1215.359,2774.333
"2012-09-03 16:30:00",13681,12.36,1149.718,1375.769,1215.359,2774.333
"2012-09-03 16:40:00",13682,12.33,1149.718,1376.521,1215.359,2774.333
"2012-09-03 16:50:00",13683,12.3,1149.718,1376.726,1215.359,2774.333
"2012-09-03 17:00:00",13684,12.28,1149.718,1376.726,1215.359,2774.333
"2012-09-03 17:10:00",13685,12.26,1149.718,1376.726,1215.359,2774.333
"2012-09-03 17:20:00",13686,12.24,1149.854,1376.726,1215.359,2774.333
"2012-09-03 17:30:00",13687,12.23,1151.05,1376.766,1215.394,2774.414
"2012-09-03 17:40:00",13688,12.22,1151.256,1376.93,1215.539,2774.744
"2012-09-03 17:50:00",13689,12.21,1151.411,1377.116,1215.703,2775.118
"2012-09-03 18:00:00",13690,12.2,1151.459,1377.173,1215.753,2775.234
"2012-09-03 18:10:00",13691,12.2,1151.477,1377.195,1215.772,2775.277
"2012-09-03 18:20:00",13692,12.19,1151.531,1377.26,1215.829,2775.408
"2012-09-03 18:30:00",13693,12.19,1151.56,1377.295,1215.86,2775.479
"2012-09-03 18:40:00",13694,12.18,1152.375,1377.369,1215.926,2775.628
"2012-09-03 18:50:00",13695,12.18,1153.151,1377.56,1216.095,2776.014
"2012-09-03 19:00:00",13696,12.17,1153.214,1377.635,1216.161,2776.165
"2012-09-03 19:10:00",13697,12.17,1153.233,1377.658,1216.181,2776.211
"2012-09-03 19:20:00",13698,12.17,1153.239,1377.665,1216.187,2776.225
"2012-09-03 19:30:00",13699,12.16,1153.262,1377.693,1216.281,2776.282
"2012-09-03 19:40:00",13700,12.16,1153.325,1377.837,1216.689,2776.434
"2012-09-03 19:50:00",13701,12.16,1153.43,1377.962,1217.416,2776.686
"2012-09-03 20:00:00",13702,12.16,1153.561,1378.667,1217.896,2777.002
"2012-09-03 20:10:00",13703,12.15,1153.613,1379.207,1217.951,2777.127
"2012-09-03 20:20:00",13704,12.15,1153.629,1379.432,1217.968,2777.165
"2012-09-03 20:30:00",13705,12.15,1153.633,1379.437,1217.973,2777.176
"2012-09-03 20:40:00",13706,12.14,1153.635,1379.507,1217.974,2777.18
"2012-09-03 20:50:00",13707,12.14,1153.635,1379.508,1217.975,2777.181
"2012-09-03 21:00:00",13708,12.14,1153.635,1379.508,1217.975,2777.181
"2012-09-03 21:10:00",13709,12.13,1153.635,1379.508,1217.975,2777.181
"2012-09-03 21:20:00",13710,12.13,1153.635,1379.508,1217.975,2777.181
"2012-09-03 21:30:00",13711,12.13,1153.635,1379.508,1217.975,2777.181
"2012-09-03 21:40:00",13712,12.13,1153.649,1379.525,1217.99,2777.215
"2012-09-03 21:50:00",13713,12.12,1153.92,1379.602,1218.058,2777.371
"2012-09-03 22:00:00",13714,12.12,1154.866,1379.671,1218.118,2777.508
"2012-09-03 22:10:00",13715,12.12,1155.075,1379.756,1218.194,2777.68
"2012-09-03 22:20:00",13716,12.12,1155.223,1379.769,1218.205,2777.707
"2012-09-03 22:30:00",13717,12.12,1155.254,1379.807,1218.239,2777.782
"2012-09-03 22:40:00",13718,12.12,1155.313,1379.876,1218.3,2777.991
"2012-09-03 22:50:00",13719,12.12,1155.358,1379.931,1218.348,2778.033
"2012-09-03 23:00:00",13720,12.11,1155.387,1379.965,1218.378,2778.169
"2012-09-03 23:10:00",13721,12.11,1155.395,1379.975,1218.387,2778.122
"2012-09-03 23:20:00",13722,12.11,1155.398,1379.979,1218.39,2778.129
"2012-09-03 23:30:00",13723,12.11,1155.399,1379.979,1218.391,2778.13
"2012-09-03 23:40:00",13724,12.1,1155.399,1379.98,1218.391,2778.131
"2012-09-03 23:50:00",13725,12.1,1155.399,1379.98,1218.391,2778.131
"2012-09-04 00:00:00",13726,12.1,1155.399,1379.98,1218.391,2778.131
"2012-09-04 00:10:00",13727,12.1,1155.399,1379.98,1218.597,2778.268
"2012-09-04 00:20:00",13728,12.1,1155.399,1379.98,1219.281,2778.815
"2012-09-04 00:30:00",13729,12.1,1155.399,1379.98,1219.692,2779.5
"2012-09-04 00:40:00",13730,12.1,1155.371,1380.494,1219.731,2779.433
"2012-09-04 00:50:00",13731,12.1,1155.575,1381.15,1219.585,2779.099
"2012-09-04 01:00:00",13732,12.1,1156.327,1380.985,1219.439,2778.767
"2012-09-04 01:10:00",13733,12.09,1156.332,1380.91,1219.373,2778.616
"2012-09-04 01:20:00",13734,12.09,1156.176,1380.887,1219.353,2778.57
"2012-09-04 01:30:00",13735,12.09,1156.17,1380.88,1219.346,2778.556
"2012-09-04 01:40:00",13736,12.09,1156.1,1380.878,1219.345,2778.552
"2012-09-04 01:50:00",13737,12.09,1156.031,1380.877,1219.344,2778.619
"2012-09-04 02:00:00",13738,12.09,1156.168,1380.877,1219.344,2778.551
"2012-09-04 02:10:00",13739,12.09,1156.305,1380.877,1219.344,2778.619
"2012-09-04 02:20:00",13740,12.09,1156.305,1380.877,1219.344,2778.551
"2012-09-04 02:30:00",13741,12.08,1156.237,1380.877,1219.344,2778.551
"2012-09-04 02:40:00",13742,12.08,1156.031,1380.877,1219.344,2778.551
"2012-09-04 02:50:00",13743,12.08,1155.689,1380.877,1219.344,2778.551
"2012-09-04 03:00:00",13744,12.08,1155.094,1380.902,1219.366,2778.6
"2012-09-04 03:10:00",13745,12.08,1155.256,1380.933,1219.393,2778.663
"2012-09-04 03:20:00",13746,12.08,1155.193,1381.103,1219.543,2779.004
"2012-09-04 03:30:00",13747,12.08,1155.273,1381.198,1219.628,2779.197
"2012-09-04 03:40:00",13748,12.08,1155.349,1381.289,1219.708,2779.38
"2012-09-04 03:50:00",13749,12.07,1155.384,1381.331,1219.745,2779.464
"2012-09-04 04:00:00",13750,12.07,1155.395,1381.344,1219.756,2779.49
"2012-09-04 04:10:00",13751,12.07,1155.398,1381.348,1219.759,2779.497
"2012-09-04 04:20:00",13752,12.07,1155.399,1381.349,1219.76,2779.5
"2012-09-04 04:30:00",13753,12.07,1155.399,1381.349,1219.76,2779.5
"2012-09-04 04:40:00",13754,12.07,1155.399,1381.349,1219.76,2779.5
"2012-09-04 04:50:00",13755,12.06,1155.399,1381.349,1219.76,2779.5
"2012-09-04 05:00:00",13756,12.06,1155.399,1381.349,1219.76,2779.5
"2012-09-04 05:10:00",13757,12.06,1155.399,1381.349,1219.76,2779.569
"2012-09-04 05:20:00",13758,12.06,1155.399,1381.349,1219.76,2779.706
"2012-09-04 05:30:00",13759,12.06,1155.399,1381.349,1219.76,2780.048
"2012-09-04 05:40:00",13760,12.06,1155.399,1381.349,1219.76,2780.733
"2012-09-04 05:50:00",13761,12.06,1155.399,1381.349,1219.76,2780.87
"2012-09-04 06:00:00",13762,12.06,1155.399,1381.349,1219.76,2780.87
"2012-09-04 06:10:00",13763,12.05,1155.399,1381.349,1219.76,2780.87
"2012-09-04 06:20:00",13764,12.05,1155.399,1381.349,1219.76,2780.87
"2012-09-04 06:30:00",13765,12.06,1155.536,1381.349,1219.76,2780.87
"2012-09-04 06:40:00",13766,12.09,1156.563,1381.349,1219.829,2780.87
"2012-09-04 06:50:00",13767,12.12,1156.735,1381.309,1219.725,2780.789
"2012-09-04 07:00:00",13768,12.13,1156.684,1381.248,1219.74,2780.667
"2012-09-04 07:10:00",13769,12.14,1156.581,1381.126,1219.563,2780.42
"2012-09-04 07:20:00",13770,12.16,1156.439,1380.956,1219.414,2780.078
"2012-09-04 07:30:00",13771,12.18,1156.392,1380.9,1219.364,2779.965
"2012-09-04 07:40:00",13772,12.19,1156.379,1380.884,1219.35,2779.934
"2012-09-04 07:50:00",13773,12.22,1156.302,1380.792,1219.268,2779.747
"2012-09-04 08:00:00",13774,12.29,1156.09,1380.539,1219.045,2779.238
"2012-09-04 08:10:00",13775,12.35,1156.012,1380.446,1218.963,2779.05
"2012-09-04 08:20:00",13776,12.45,1155.988,1380.417,1218.938,2778.993
"2012-09-04 08:30:00",13777,12.57,1155.981,1379.793,1218.93,2778.976
"2012-09-04 08:40:00",13778,12.61,1155.722,1378.812,1218.592,2778.516
"2012-09-04 08:50:00",13779,12.6,1154.639,1378.745,1218.67,2778.381
"2012-09-04 09:00:00",13780,12.83,1154.33,1377.882,1218.495,2778.296
"2012-09-04 09:10:00",13781,12.89,1153.23,1377.246,1218.349,2777.844
"2012-09-04 09:20:00",13782,12.96,1152.859,1377.212,1217.976,2777.843
"2012-09-04 09:30:00",13783,13,1152.851,1377.065,1217.215,2777.891
"2012-09-04 09:40:00",13784,13.08,1152.848,1377.199,1217.212,2778.021
"2012-09-04 09:50:00",13785,13.03,1152.734,1376.789,1217.023,2777.678
"2012-09-04 10:00:00",13786,13.17,1152.598,1376.284,1216.88,2777.281
"2012-09-04 10:10:00",13787,13.1,1152.5,1375.415,1216.776,2776.977
"2012-09-04 10:20:00",13788,13.28,1152.399,1375.376,1216.673,2776.829
"2012-09-04 10:30:00",13789,13.5,1151.295,1375.364,1216.321,2777.079
"2012-09-04 10:40:00",13790,14.17,1151.155,1375.361,1216.318,2777.003
"2012-09-04 10:50:00",13791,13.99,1151.086,1375.359,1216.727,2777.069
"2012-09-04 11:00:00",13792,13.54,1151.062,1375.331,1216.428,2776.943
"2012-09-04 11:10:00",13793,13.63,1151.056,1375.324,1216.695,2776.792
"2012-09-04 11:20:00",13794,13.39,1150.887,1375.122,1216.517,2776.522
"2012-09-04 11:30:00",13795,13.46,1150.751,1374.959,1216.373,2774.893
"2012-09-04 11:40:00",13796,13.79,1150.71,1374.91,1216.056,2774.795
"2012-09-04 11:50:00",13797,14.19,1150.615,1374.797,1215.272,2774.566
"2012-09-04 12:00:00",13798,14.5,1149.87,1374.559,1214.652,2774.155
"2012-09-04 12:10:00",13799,13.75,1148.967,1374.461,1214.839,2774.639
"2012-09-04 12:20:00",13800,14.04,1148.944,1374.365,1214.541,2774.993
"2012-09-04 12:30:00",13801,13.7,1148.39,1374.356,1214.533,2775.043
"2012-09-04 12:40:00",13802,12.99,1147.568,1373.055,1214.531,2773.876
"2012-09-04 12:50:00",13803,12.72,1147.567,1373.054,1214.53,2773.806
"2012-09-04 13:00:00",13804,12.78,1147.567,1372.917,1214.393,2773.67
"2012-09-04 13:10:00",13805,12.95,1147.184,1373.086,1214.558,2773.325
"2012-09-04 13:20:00",13806,12.88,1147.562,1373.061,1214.596,2772.591
"2012-09-04 13:30:00",13807,12.87,1147.753,1373.277,1214.727,2772.89
"2012-09-04 13:40:00",13808,12.87,1147.891,1373.442,1214.873,2773.155
"2012-09-04 13:50:00",13809,12.85,1147.938,1373.498,1214.923,2773.337
"2012-09-04 14:00:00",13810,12.77,1147.952,1373.515,1214.938,2772.551
"2012-09-04 14:10:00",13811,12.76,1147.956,1373.52,1214.942,2772.014
"2012-09-04 14:20:00",13812,12.79,1147.958,1373.522,1214.943,2772.017
"2012-09-04 14:30:00",13813,12.73,1147.958,1373.522,1214.944,2772.018
"2012-09-04 14:40:00",13814,12.69,1147.958,1373.522,1214.944,2772.018
"2012-09-04 14:50:00",13815,12.6,1147.958,1373.522,1214.944,2772.018
"2012-09-04 15:00:00",13816,12.65,1147.985,1374.648,1214.972,2772.083
"2012-09-04 15:10:00",13817,12.75,1148.049,1374.998,1215.04,2773.059
"2012-09-04 15:20:00",13818,12.88,1148.007,1374.947,1214.995,2773.502
"2012-09-04 15:30:00",13819,12.6,1147.987,1374.924,1214.974,2773.386
"2012-09-04 15:40:00",13820,12.61,1148.014,1374.955,1215.208,2773.451
"2012-09-04 15:50:00",13821,12.76,1148.03,1374.975,1215.703,2773.559
"2012-09-04 16:00:00",13822,13.02,1148.008,1375.633,1216.364,2773.506
"2012-09-04 16:10:00",13823,12.68,1148.253,1376.146,1216.334,2773.438
"2012-09-04 16:20:00",13824,12.47,1149.332,1376.264,1216.318,2773.401
"2012-09-04 16:30:00",13825,12.42,1149.338,1376.272,1216.461,2773.417
"2012-09-04 16:40:00",13826,12.39,1149.434,1376.386,1216.426,2774.399
"2012-09-04 16:50:00",13827,12.36,1149.624,1376.614,1216.627,2775.473
"2012-09-04 17:00:00",13828,12.33,1150.437,1376.755,1217.443,2775.62
"2012-09-04 17:10:00",13829,12.31,1151.053,1377.303,1217.923,2775.623
"2012-09-04 17:20:00",13830,12.3,1151.076,1378.083,1218.084,2775.678
"2012-09-04 17:30:00",13831,12.28,1151.083,1378.091,1218.091,2775.694
"2012-09-04 17:40:00",13832,12.27,1151.085,1378.093,1218.093,2775.699
"2012-09-04 17:50:00",13833,12.26,1151.085,1378.094,1218.094,2775.7
"2012-09-04 18:00:00",13834,12.25,1152.109,1378.255,1218.236,2776.093
"2012-09-04 18:10:00",13835,12.25,1152.761,1378.463,1218.42,2776.444
"2012-09-04 18:20:00",13836,12.24,1152.821,1378.534,1218.483,2777.408
"2012-09-04 18:30:00",13837,12.24,1152.839,1378.556,1218.502,2777.452
"2012-09-04 18:40:00",13838,12.24,1152.844,1379.041,1218.508,2777.944
"2012-09-04 18:50:00",13839,12.23,1152.896,1379.308,1218.563,2778.137
"2012-09-04 19:00:00",13840,12.23,1152.935,1379.697,1218.604,2778.231
"2012-09-04 19:10:00",13841,12.23,1153.038,1380.161,1218.712,2778.478
"2012-09-04 19:20:00",13842,12.22,1153.171,1380.32,1218.852,2778.798
"2012-09-04 19:30:00",13843,12.22,1153.219,1380.379,1218.904,2778.916
"2012-09-04 19:40:00",13844,12.22,1153.235,1380.397,1218.92,2778.953
"2012-09-04 19:50:00",13845,12.21,1153.65,1380.403,1218.925,2778.895
"2012-09-04 20:00:00",13846,12.21,1154.472,1380.404,1218.926,2778.967
"2012-09-04 20:10:00",13847,12.21,1154.609,1380.405,1218.927,2778.967
"2012-09-04 20:20:00",13848,12.2,1154.609,1380.405,1218.995,2778.967
"2012-09-04 20:30:00",13849,12.2,1154.655,1380.459,1219.248,2779.077
"2012-09-04 20:40:00",13850,12.2,1154.766,1380.592,1219.297,2779.345
"2012-09-04 20:50:00",13851,12.19,1154.906,1380.76,1219.72,2779.683
"2012-09-04 21:00:00",13852,12.19,1154.975,1380.842,1220.339,2779.848
"2012-09-04 21:10:00",13853,12.19,1154.995,1380.866,1220.703,2779.897
"2012-09-04 21:20:00",13854,12.19,1155.002,1380.874,1220.71,2779.913
"2012-09-04 21:30:00",13855,12.18,1155.004,1380.876,1220.712,2779.917
"2012-09-04 21:40:00",13856,12.18,1155.004,1380.877,1220.713,2779.918
"2012-09-04 21:50:00",13857,12.18,1155.004,1380.877,1220.713,2779.918
"2012-09-04 22:00:00",13858,12.18,1155.004,1380.877,1220.713,2779.918
"2012-09-04 22:10:00",13859,12.18,1155.004,1380.877,1220.713,2779.918
"2012-09-04 22:20:00",13860,12.18,1155.004,1380.877,1220.713,2779.918
"2012-09-04 22:30:00",13861,12.17,1155.004,1380.877,1220.713,2779.918
"2012-09-04 22:40:00",13862,12.17,1155.004,1380.877,1220.713,2779.918
"2012-09-04 22:50:00",13863,12.17,1155.004,1380.877,1220.713,2779.918
"2012-09-04 23:00:00",13864,12.17,1155.004,1380.877,1220.713,2779.918
"2012-09-04 23:10:00",13865,12.17,1155.004,1380.877,1220.713,2779.918
"2012-09-04 23:20:00",13866,12.17,1155.004,1380.877,1220.713,2779.918
"2012-09-04 23:30:00",13867,12.16,1155.004,1380.877,1220.713,2779.918
"2012-09-04 23:40:00",13868,12.16,1155.004,1380.877,1220.713,2779.918
"2012-09-04 23:50:00",13869,12.16,1155.004,1380.877,1220.713,2779.918
"2012-09-05 00:00:00",13870,12.16,1155.004,1380.877,1220.713,2779.918
"2012-09-05 00:10:00",13871,12.16,1155.004,1380.877,1220.713,2779.918
"2012-09-05 00:20:00",13872,12.16,1155.004,1380.877,1220.713,2779.918
"2012-09-05 00:30:00",13873,12.16,1155.004,1380.877,1220.713,2779.918
"2012-09-05 00:40:00",13874,12.15,1155.073,1381.151,1220.918,2779.918
"2012-09-05 00:50:00",13875,12.15,1155.073,1382.177,1221.739,2779.918
"2012-09-05 01:00:00",13876,12.15,1155.073,1382.246,1221.945,2779.918
"2012-09-05 01:10:00",13877,12.15,1155.346,1382.246,1222.082,2779.918
"2012-09-05 01:20:00",13878,12.15,1156.099,1382.246,1222.082,2779.918
"2012-09-05 01:30:00",13879,12.15,1156.236,1382.246,1222.082,2779.918
"2012-09-05 01:40:00",13880,12.15,1156.373,1382.246,1222.082,2779.918
"2012-09-05 01:50:00",13881,12.14,1156.373,1382.246,1222.082,2779.918
"2012-09-05 02:00:00",13882,12.14,1156.236,1382.246,1222.082,2779.918
"2012-09-05 02:10:00",13883,12.14,1156.305,1382.246,1222.082,2779.918
"2012-09-05 02:20:00",13884,12.14,1156.373,1382.246,1222.082,2779.918
"2012-09-05 02:30:00",13885,12.14,1156.373,1382.246,1222.082,2779.918
"2012-09-05 02:40:00",13886,12.14,1156.373,1382.246,1222.082,2779.918
"2012-09-05 02:50:00",13887,12.14,1156.373,1382.246,1222.082,2779.918
"2012-09-05 03:00:00",13888,12.14,1156.373,1382.246,1222.082,2779.918
"2012-09-05 03:10:00",13889,12.14,1156.373,1382.246,1222.082,2779.918
"2012-09-05 03:20:00",13890,12.14,1156.373,1382.383,1222.082,2779.918
"2012-09-05 03:30:00",13891,12.13,1156.373,1382.314,1222.082,2779.987
"2012-09-05 03:40:00",13892,12.13,1156.373,1382.725,1222.082,2779.918
"2012-09-05 03:50:00",13893,12.13,1156.373,1382.862,1222.082,2779.918
"2012-09-05 04:00:00",13894,12.13,1156.373,1383.409,1222.082,2779.918
"2012-09-05 04:10:00",13895,12.13,1156.373,1383.615,1222.082,2779.918
"2012-09-05 04:20:00",13896,12.12,1156.373,1383.478,1222.082,2779.918
"2012-09-05 04:30:00",13897,12.12,1156.373,1383.615,1222.082,2779.918
"2012-09-05 04:40:00",13898,12.12,1156.373,1383.478,1222.082,2779.918
"2012-09-05 04:50:00",13899,12.12,1156.373,1383.478,1222.082,2779.918
"2012-09-05 05:00:00",13900,12.12,1156.373,1383.341,1222.082,2779.918
"2012-09-05 05:10:00",13901,12.11,1156.373,1383.067,1222.082,2779.918
"2012-09-05 05:20:00",13902,12.11,1156.373,1383.272,1222.082,2779.987
"2012-09-05 05:30:00",13903,12.11,1156.373,1383.341,1222.082,2779.918
"2012-09-05 05:40:00",13904,12.11,1156.373,1383.272,1222.082,2779.918
"2012-09-05 05:50:00",13905,12.11,1156.373,1383.409,1222.082,2779.918
"2012-09-05 06:00:00",13906,12.11,1156.373,1383.546,1222.082,2779.918
"2012-09-05 06:10:00",13907,12.11,1156.373,1383.615,1222.082,2779.918
"2012-09-05 06:20:00",13908,12.11,1156.373,1383.615,1222.082,2779.918
"2012-09-05 06:30:00",13909,12.11,1156.373,1383.478,1222.082,2779.987
"2012-09-05 06:40:00",13910,12.12,1156.373,1383.615,1222.082,2779.918
"2012-09-05 06:50:00",13911,12.13,1156.373,1383.546,1222.082,2779.918
"2012-09-05 07:00:00",13912,12.15,1156.373,1383.615,1222.082,2779.918
"2012-09-05 07:10:00",13913,12.17,1156.373,1383.478,1222.082,2779.918
"2012-09-05 07:20:00",13914,12.19,1156.373,1382.52,1222.082,2779.918
"2012-09-05 07:30:00",13915,12.21,1156.373,1382.246,1222.082,2779.918
"2012-09-05 07:40:00",13916,12.24,1156.373,1382.246,1222.082,2779.918
"2012-09-05 07:50:00",13917,12.3,1156.304,1382.164,1222.009,2779.754
"2012-09-05 08:00:00",13918,12.36,1156.091,1380.745,1221.783,2779.241
"2012-09-05 08:10:00",13919,12.34,1156.013,1381.199,1221.701,2779.668
"2012-09-05 08:20:00",13920,12.46,1155.922,1381.707,1221.605,2780.202
"2012-09-05 08:30:00",13921,12.54,1155.649,1381.544,1221.393,2779.875
"2012-09-05 08:40:00",13922,12.64,1154.506,1380.447,1220.79,2779.525
"2012-09-05 08:50:00",13923,12.51,1154.254,1379.979,1221.287,2778.316
"2012-09-05 09:00:00",13924,12.46,1152.927,1379.81,1221.259,2778.046
"2012-09-05 09:10:00",13925,12.47,1152.85,1378.569,1221.25,2778.026
"2012-09-05 09:20:00",13926,12.53,1152.848,1378.567,1220.153,2778.021
"2012-09-05 09:30:00",13927,12.79,1152.847,1377.677,1219.742,2778.019
"2012-09-05 09:40:00",13928,12.92,1152.82,1377.165,1219.85,2777.953
"2012-09-05 09:50:00",13929,12.89,1152.618,1376.923,1218.405,2777.466
"2012-09-05 10:00:00",13930,12.84,1152.025,1376.787,1218.148,2777.191
"2012-09-05 10:10:00",13931,12.72,1151.101,1376.745,1218.11,2777.105
"2012-09-05 10:20:00",13932,12.76,1151.09,1376.663,1218.099,2777.079
"2012-09-05 10:30:00",13933,13.17,1151.087,1376.113,1217.959,2777.072
"2012-09-05 10:40:00",13934,13.59,1151.039,1376.534,1218.045,2776.956
"2012-09-05 10:50:00",13935,13.27,1150.836,1376.428,1217.83,2776.467
"2012-09-05 11:00:00",13936,13.14,1150.736,1376.308,1218.134,2776.225
"2012-09-05 11:10:00",13937,13.34,1150.544,1376.079,1218.683,2775.761
"2012-09-05 11:20:00",13938,13.46,1150.647,1375.875,1218.708,2775.35
"2012-09-05 11:30:00",13939,13.6,1151.688,1375.813,1218.652,2775.224
"2012-09-05 11:40:00",13940,13.88,1151.4,1375.863,1218.363,2775.188
"2012-09-05 11:50:00",13941,14.5,1150.302,1375.721,1217.265,2775.109
"2012-09-05 12:00:00",13942,14.43,1150.3,1375.719,1217.263,2775.105
"2012-09-05 12:10:00",13943,13.96,1149.002,1375.719,1217.263,2775.036
"2012-09-05 12:20:00",13944,13.9,1148.934,1375.104,1216.99,2774.626
"2012-09-05 12:30:00",13945,13.82,1148.934,1374.694,1217.195,2774.49
"2012-09-05 12:40:00",13946,12.97,1148.934,1374.421,1217.263,2774.08
"2012-09-05 12:50:00",13947,12.74,1148.934,1374.557,1217.263,2773.806
"2012-09-05 13:00:00",13948,12.81,1148.455,1374.079,1217.195,2773.806
"2012-09-05 13:10:00",13949,13.05,1147.567,1374.01,1216.716,2772.645
"2012-09-05 13:20:00",13950,12.91,1147.84,1374.284,1216.99,2772.371
"2012-09-05 13:30:00",13951,12.87,1147.909,1374.216,1217.126,2772.303
"2012-09-05 13:40:00",13952,12.88,1148.182,1373.737,1216.853,2771.346
"2012-09-05 13:50:00",13953,12.87,1147.594,1375.273,1217.155,2771.275
"2012-09-05 14:00:00",13954,12.76,1148.024,1375.788,1217.18,2771.146
"2012-09-05 14:10:00",13955,12.72,1147.712,1374.594,1217.417,2771.424
"2012-09-05 14:20:00",13956,12.8,1149.025,1375.24,1217.3,2771.555
"2012-09-05 14:30:00",13957,12.73,1148.297,1376.308,1217.466,2771.574
"2012-09-05 14:40:00",13958,12.73,1148.641,1376.311,1217.469,2771.511
"2012-09-05 14:50:00",13959,12.72,1149.268,1375.435,1217.48,2771.674
"2012-09-05 15:00:00",13960,12.7,1149.292,1375.532,1217.642,2772.074
"2012-09-05 15:10:00",13961,12.81,1149.315,1376.244,1217.667,2771.856
"2012-09-05 15:20:00",13962,12.88,1149.301,1376.637,1217.652,2772.096
"2012-09-05 15:30:00",13963,12.66,1149.251,1376.167,1217.599,2772.112
"2012-09-05 15:40:00",13964,12.65,1149.289,1376.212,1217.639,2771.862
"2012-09-05 15:50:00",13965,12.79,1149.314,1376.243,1217.666,2772.06
"2012-09-05 16:00:00",13966,12.93,1149.322,1376.731,1217.675,2772.079
"2012-09-05 16:10:00",13967,12.68,1149.324,1377.075,1217.882,2772.905
"2012-09-05 16:20:00",13968,12.53,1149.325,1377.418,1217.746,2773.18
"2012-09-05 16:30:00",13969,12.49,1149.325,1377.35,1218.635,2773.385
"2012-09-05 16:40:00",13970,12.46,1149.394,1377.623,1218.977,2773.385
"2012-09-05 16:50:00",13971,12.43,1150.077,1377.623,1219.045,2773.385
"2012-09-05 17:00:00",13972,12.4,1150.757,1378.59,1219.251,2773.679
"2012-09-05 17:10:00",13973,12.38,1150.95,1379.299,1219.523,2774.074
"2012-09-05 17:20:00",13974,12.36,1151.439,1379.394,1220.632,2774.607
"2012-09-05 17:30:00",13975,12.35,1152.435,1379.44,1220.81,2775.658
"2012-09-05 17:40:00",13976,12.34,1152.448,1379.455,1220.687,2775.688
"2012-09-05 17:50:00",13977,12.34,1152.451,1380.417,1220.827,2775.833
"2012-09-05 18:00:00",13978,12.33,1152.521,1380.828,1221.922,2775.836
"2012-09-05 18:10:00",13979,12.33,1153.41,1380.829,1222.196,2776.726
"2012-09-05 18:20:00",13980,12.32,1153.82,1381.307,1222.196,2776.931
"2012-09-05 18:30:00",13981,12.32,1153.82,1381.444,1222.196,2777.068
"2012-09-05 18:40:00",13982,12.32,1153.82,1382.06,1222.333,2777.068
"2012-09-05 18:50:00",13983,12.31,1153.82,1382.06,1222.401,2777.068
"2012-09-05 19:00:00",13984,12.31,1153.889,1382.196,1223.085,2777.068
"2012-09-05 19:10:00",13985,12.31,1154.504,1382.196,1223.427,2777.068
"2012-09-05 19:20:00",13986,12.31,1155.188,1382.196,1223.564,2777.068
"2012-09-05 19:30:00",13987,12.3,1155.188,1382.196,1223.427,2777.068
"2012-09-05 19:40:00",13988,12.3,1155.188,1382.196,1223.564,2777.068
"2012-09-05 19:50:00",13989,12.3,1155.188,1382.196,1223.564,2777.068
"2012-09-05 20:00:00",13990,12.3,1155.188,1382.196,1223.427,2777.068
"2012-09-05 20:10:00",13991,12.29,1155.188,1382.196,1223.564,2777.068
"2012-09-05 20:20:00",13992,12.29,1155.223,1382.238,1223.601,2778.383
"2012-09-05 20:30:00",13993,12.29,1155.357,1382.398,1223.743,2778.841
"2012-09-05 20:40:00",13994,12.29,1155.416,1382.524,1223.733,2778.819
"2012-09-05 20:50:00",13995,12.29,1155.864,1383.089,1223.628,2778.581
"2012-09-05 21:00:00",13996,12.28,1156.456,1383.608,1223.603,2778.661
"2012-09-05 21:10:00",13997,12.28,1156.567,1383.577,1223.781,2778.463
"2012-09-05 21:20:00",13998,12.28,1156.559,1383.568,1224.525,2778.444
"2012-09-05 21:30:00",13999,12.28,1156.557,1383.565,1224.864,2778.438
"2012-09-05 21:40:00",14000,12.28,1156.584,1383.598,1224.757,2778.504
"2012-09-05 21:50:00",14001,12.28,1156.747,1383.793,1225.135,2778.896
"2012-09-05 22:00:00",14002,12.27,1156.839,1383.903,1225.163,2779.117
"2012-09-05 22:10:00",14003,12.27,1156.915,1383.994,1225.312,2779.436
"2012-09-05 22:20:00",14004,12.27,1156.94,1384.024,1225.339,2779.907
"2012-09-05 22:30:00",14005,12.27,1156.948,1384.307,1225.484,2780.747
"2012-09-05 22:40:00",14006,12.27,1156.95,1384.036,1225.349,2780.752
"2012-09-05 22:50:00",14007,12.26,1157.703,1384.447,1225.487,2780.753
"2012-09-05 23:00:00",14008,12.26,1158.319,1384.995,1225.35,2780.753
"2012-09-05 23:10:00",14009,12.26,1158.311,1384.917,1225.615,2780.872
"2012-09-05 23:20:00",14010,12.26,1158.239,1385.104,1225.813,2780.699
"2012-09-05 23:30:00",14011,12.26,1158.143,1385.057,1226.258,2780.741
"2012-09-05 23:40:00",14012,12.26,1157.989,1384.669,1226.096,2780.099
"2012-09-05 23:50:00",14013,12.26,1157.943,1384.956,1225.774,2779.989
"2012-09-06 00:00:00",14014,12.26,1157.929,1384.666,1225.554,2780.502
"2012-09-06 00:10:00",14015,12.25,1157.925,1384.797,1225.891,2781.039
"2012-09-06 00:20:00",14016,12.25,1157.924,1384.796,1226.026,2780.762
"2012-09-06 00:30:00",14017,12.25,1157.923,1384.932,1225.684,2781.24
"2012-09-06 00:40:00",14018,12.25,1157.923,1384.795,1225.889,2781.171
"2012-09-06 00:50:00",14019,12.25,1157.923,1384.522,1225.479,2781.171
"2012-09-06 01:00:00",14020,12.25,1157.953,1384.968,1225.647,2781.039
"2012-09-06 01:10:00",14021,12.25,1158.144,1385.059,1225.781,2781.086
"2012-09-06 01:20:00",14022,12.24,1158.266,1385.342,1226.525,2781.995
"2012-09-06 01:30:00",14023,12.24,1158.303,1385.318,1226.565,2781.948
"2012-09-06 01:40:00",14024,12.25,1158.314,1385.399,1226.713,2782.111
"2012-09-06 01:50:00",14025,12.24,1158.249,1385.403,1226.717,2782.119
"2012-09-06 02:00:00",14026,12.24,1158.182,1385.405,1226.718,2782.121
"2012-09-06 02:10:00",14027,12.24,1158.114,1385.405,1226.718,2782.122
"2012-09-06 02:20:00",14028,12.24,1158.25,1385.405,1226.718,2782.259
"2012-09-06 02:30:00",14029,12.24,1158.114,1385.405,1226.718,2782.737
"2012-09-06 02:40:00",14030,12.23,1158.114,1385.405,1226.718,2783.284
"2012-09-06 02:50:00",14031,12.23,1157.859,1385.428,1226.739,2783.4
"2012-09-06 03:00:00",14032,12.23,1158.32,1385.57,1226.865,2783.685
"2012-09-06 03:10:00",14033,12.23,1158.443,1385.553,1226.85,2783.788
"2012-09-06 03:20:00",14034,12.23,1158.444,1385.554,1226.85,2783.79
"2012-09-06 03:30:00",14035,12.22,1158.405,1385.509,1226.81,2783.698
"2012-09-06 03:40:00",14036,12.22,1158.378,1385.476,1226.781,2783.632
"2012-09-06 03:50:00",14037,12.22,1158.389,1385.49,1226.793,2783.66
"2012-09-06 04:00:00",14038,12.22,1158.388,1385.761,1226.791,2783.656
"2012-09-06 04:10:00",14039,12.22,1158.445,1385.556,1226.852,2783.793
"2012-09-06 04:20:00",14040,12.22,1158.476,1386.004,1226.885,2783.868
"2012-09-06 04:30:00",14041,12.22,1158.498,1385.62,1226.908,2783.921
"2012-09-06 04:40:00",14042,12.21,1158.453,1386.045,1226.997,2783.813
"2012-09-06 04:50:00",14043,12.21,1158.523,1386.799,1227.478,2783.817
"2012-09-06 05:00:00",14044,12.21,1158.583,1386.515,1227.4,2783.796
"2012-09-06 05:10:00",14045,12.21,1159.593,1386.209,1227.037,2783.593
"2012-09-06 05:20:00",14046,12.21,1159.769,1386.597,1227.694,2783.823
"2012-09-06 05:30:00",14047,12.2,1159.506,1386.337,1226.953,2783.986
"2012-09-06 05:40:00",14048,12.2,1159.025,1386.198,1227.225,2783.571
"2012-09-06 05:50:00",14049,12.2,1158.559,1385.584,1226.961,2783.438
"2012-09-06 06:00:00",14050,12.2,1158.329,1385.486,1226.593,2783.037
"2012-09-06 06:10:00",14051,12.2,1158.322,1385.888,1226.995,2783.224
"2012-09-06 06:20:00",14052,12.2,1158.324,1385.411,1226.587,2782.339
"2012-09-06 06:30:00",14053,12.2,1158.343,1385.434,1226.607,2782.111
"2012-09-06 06:40:00",14054,12.21,1158.403,1385.505,1226.328,2781.434
"2012-09-06 06:50:00",14055,12.22,1158.4,1385.023,1226.804,2780.88
"2012-09-06 07:00:00",14056,12.24,1158.393,1384.604,1226.318,2780.795
"2012-09-06 07:10:00",14057,12.25,1158.184,1383.505,1225.151,2779.965
"2012-09-06 07:20:00",14058,12.28,1157.027,1382.486,1224.61,2778.816
"2012-09-06 07:30:00",14059,12.29,1157.034,1382.358,1224.618,2778.561
"2012-09-06 07:40:00",14060,12.3,1157.019,1381.52,1224.191,2778.319
"2012-09-06 07:50:00",14061,12.38,1155.897,1381.212,1224.025,2778.115
"2012-09-06 08:00:00",14062,12.39,1155.467,1380.369,1223.047,2778.206
"2012-09-06 08:10:00",14063,12.4,1155.589,1380.693,1223.442,2778.307
"2012-09-06 08:20:00",14064,12.51,1155.448,1380.209,1223.574,2778.023
"2012-09-06 08:30:00",14065,12.59,1155.515,1380.208,1223.299,2778.02
"2012-09-06 08:40:00",14066,12.62,1155.446,1379.933,1222.888,2778.019
"2012-09-06 08:50:00",14067,12.54,1154.215,1378.907,1222.957,2777.198
"2012-09-06 09:00:00",14068,12.49,1152.847,1378.429,1222.888,2776.788
"2012-09-06 09:10:00",14069,12.52,1152.984,1378.429,1223.162,2776.651
"2012-09-06 09:20:00",14070,12.63,1152.847,1378.36,1222.409,2776.446
"2012-09-06 09:30:00",14071,12.87,1152.984,1377.608,1222.478,2776.377
"2012-09-06 09:40:00",14072,12.98,1152.832,1377.316,1222.188,2776.204
"2012-09-06 09:50:00",14073,12.96,1152.732,1377.265,1222.15,2776.235
"2012-09-06 10:00:00",14074,12.88,1152.574,1376.871,1221.094,2775.241
"2012-09-06 10:10:00",14075,12.72,1152.489,1376.77,1220.457,2775.788
"2012-09-06 10:20:00",14076,12.8,1152.464,1376.876,1220.635,2775.659
"2012-09-06 10:30:00",14077,13.28,1152.32,1376.594,1220.149,2774.683
"2012-09-06 10:40:00",14078,13.62,1151.223,1376.591,1220.557,2774.336
"2012-09-06 10:50:00",14079,13.26,1151.146,1376.923,1220.889,2775.067
"2012-09-06 11:00:00",14080,13.12,1151.761,1376.554,1221.223,2774.395
"2012-09-06 11:10:00",14081,13.27,1152.145,1376.359,1221.187,2773.661
"2012-09-06 11:20:00",14082,13.46,1152.085,1376.287,1220.371,2773.447
"2012-09-06 11:30:00",14083,13.65,1151.786,1376.119,1220.275,2772.838
"2012-09-06 11:40:00",14084,13.93,1150.58,1375.985,1220.293,2772.909
"2012-09-06 11:50:00",14085,14.48,1150.51,1376.039,1220.082,2772.947
"2012-09-06 12:00:00",14086,14.36,1150.123,1375.902,1219.961,2772.671
"2012-09-06 12:10:00",14087,13.86,1148.971,1375.832,1219.626,2772.53
"2012-09-06 12:20:00",14088,13.88,1148.99,1375.718,1219.167,2772.848
"2012-09-06 12:30:00",14089,13.55,1148.991,1375.187,1218.968,2772.676
"2012-09-06 12:40:00",14090,12.88,1148.007,1374.784,1219.088,2772.763
"2012-09-06 12:50:00",14091,12.74,1147.931,1375.062,1219.768,2772.842
"2012-09-06 13:00:00",14092,12.82,1147.95,1374.88,1219.583,2772.682
"2012-09-06 13:10:00",14093,13.07,1147.956,1374.886,1219.179,2772.081
"2012-09-06 13:20:00",14094,12.95,1149.188,1375.23,1219.044,2771.88
"2012-09-06 13:30:00",14095,12.88,1149.12,1375.641,1219.045,2771.813
"2012-09-06 13:40:00",14096,12.91,1148.71,1375.504,1219.182,2772.018
"2012-09-06 13:50:00",14097,12.89,1147.958,1375.709,1219.318,2771.745
"2012-09-06 14:00:00",14098,12.78,1148.027,1376.393,1218.772,2771.129
"2012-09-06 14:10:00",14099,12.79,1147.958,1376.256,1219.182,2770.924
"2012-09-06 14:20:00",14100,12.83,1147.958,1375.983,1218.772,2770.788
"2012-09-06 14:30:00",14101,12.78,1147.981,1375.532,1218.796,2770.707
"2012-09-06 14:40:00",14102,12.78,1147.967,1376.267,1219.054,2770.672
"2012-09-06 14:50:00",14103,12.75,1148.002,1376.309,1218.887,2770.758
"2012-09-06 15:00:00",14104,12.8,1148.07,1376.445,1218.817,2770.755
"2012-09-06 15:10:00",14105,12.84,1148.053,1376.369,1218.188,2770.879
"2012-09-06 15:20:00",14106,12.91,1148.099,1376.561,1218.442,2770.99
"2012-09-06 15:30:00",14107,12.69,1148.088,1377.164,1218.089,2770.965
"2012-09-06 15:40:00",14108,12.71,1147.792,1377,1217.929,2770.911
"2012-09-06 15:50:00",14109,13.05,1148.063,1376.464,1218.545,2770.933
"2012-09-06 16:00:00",14110,13,1148.011,1376.484,1218.905,2771.109
"2012-09-06 16:10:00",14111,12.72,1147.49,1376.432,1219.064,2771.006
"2012-09-06 16:20:00",14112,12.55,1148.052,1376.71,1219.144,2770.741
"2012-09-06 16:30:00",14113,12.5,1148.114,1377.536,1218.663,2771.436
"2012-09-06 16:40:00",14114,12.48,1148.27,1377.723,1219.239,2771.54
"2012-09-06 16:50:00",14115,12.44,1148.325,1377.927,1219.366,2771.948
"2012-09-06 17:00:00",14116,12.42,1148.206,1378.085,1220.206,2772.674
"2012-09-06 17:10:00",14117,12.4,1148.348,1378.091,1220.69,2772.96
"2012-09-06 17:20:00",14118,12.38,1148.35,1378.23,1220.692,2773.032
"2012-09-06 17:30:00",14119,12.37,1149.444,1379.256,1220.966,2773.581
"2012-09-06 17:40:00",14120,12.36,1149.718,1379.461,1221.923,2774.059
"2012-09-06 17:50:00",14121,12.35,1149.718,1379.461,1222.196,2774.333
"2012-09-06 18:00:00",14122,12.35,1150.47,1379.461,1222.196,2774.333
"2012-09-06 18:10:00",14123,12.34,1151.085,1379.461,1222.196,2774.333
"2012-09-06 18:20:00",14124,12.34,1151.085,1379.461,1223.085,2774.333
"2012-09-06 18:30:00",14125,12.33,1151.246,1380.749,1223.598,2774.721
"2012-09-06 18:40:00",14126,12.33,1151.392,1381.197,1223.89,2775.073
"2012-09-06 18:50:00",14127,12.33,1151.658,1381.27,1223.955,2775.219
"2012-09-06 19:00:00",14128,12.32,1152.702,1381.292,1223.974,2775.264
"2012-09-06 19:10:00",14129,12.32,1152.844,1381.298,1223.98,2775.276
"2012-09-06 19:20:00",14130,12.31,1152.846,1381.3,1223.982,2775.28
"2012-09-06 19:30:00",14131,12.31,1152.847,1381.301,1223.982,2776.239
"2012-09-06 19:40:00",14132,12.31,1152.912,1381.38,1224.052,2776.398
"2012-09-06 19:50:00",14133,12.3,1152.924,1381.393,1224.064,2776.219
"2012-09-06 20:00:00",14134,12.3,1152.936,1381.408,1224.077,2776.729
"2012-09-06 20:10:00",14135,12.3,1153.006,1381.97,1224.151,2777.032
"2012-09-06 20:20:00",14136,12.29,1153.131,1381.984,1224.284,2777.334
"2012-09-06 20:30:00",14137,12.29,1153.207,1382.486,1224.365,2777.519
"2012-09-06 20:40:00",14138,12.29,1153.231,1383.13,1224.39,2777.576
"2012-09-06 20:50:00",14139,12.28,1153.238,1383.001,1224.398,2777.592
"2012-09-06 21:00:00",14140,12.29,1153.24,1382.867,1224.879,2777.597
"2012-09-06 21:10:00",14141,12.28,1153.241,1383.141,1225.564,2777.599
"2012-09-06 21:20:00",14142,12.28,1153.241,1383.141,1225.769,2777.599
"2012-09-06 21:30:00",14143,12.27,1153.993,1383.141,1225.769,2778.557
"2012-09-06 21:40:00",14144,12.27,1154.404,1383.141,1225.769,2778.967
"2012-09-06 21:50:00",14145,12.27,1154.609,1383.141,1225.769,2778.967
"2012-09-06 22:00:00",14146,12.27,1154.609,1383.141,1225.769,2778.967
"2012-09-06 22:10:00",14147,12.26,1154.609,1383.141,1225.769,2778.967
"2012-09-06 22:20:00",14148,12.26,1154.609,1383.141,1225.769,2778.967
"2012-09-06 22:30:00",14149,12.26,1154.609,1383.141,1225.769,2778.967
"2012-09-06 22:40:00",14150,12.26,1154.609,1383.141,1225.769,2778.967
"2012-09-06 22:50:00",14151,12.26,1154.642,1383.18,1225.803,2779.046
"2012-09-06 23:00:00",14152,12.26,1154.678,1383.224,1225.842,2779.134
"2012-09-06 23:10:00",14153,12.25,1154.788,1383.356,1225.959,2779.398
"2012-09-06 23:20:00",14154,12.25,1154.792,1383.361,1225.963,2779.408
"2012-09-06 23:30:00",14155,12.25,1154.823,1383.398,1225.996,2779.483
"2012-09-06 23:40:00",14156,12.25,1154.914,1383.507,1226.298,2779.703
"2012-09-06 23:50:00",14157,12.25,1154.967,1383.57,1226.97,2779.829
"2012-09-07 00:00:00",14158,12.24,1154.993,1383.601,1227.408,2779.892
"2012-09-07 00:10:00",14159,12.24,1154.976,1383.581,1227.527,2779.851
"2012-09-07 00:20:00",14160,12.24,1154.98,1383.586,1227.532,2779.861
"2012-09-07 00:30:00",14161,12.24,1154.985,1383.66,1227.537,2779.872
"2012-09-07 00:40:00",14162,12.24,1154.987,1383.594,1227.539,2779.878
"2012-09-07 00:50:00",14163,12.24,1155.054,1383.866,1227.537,2780.011
"2012-09-07 01:00:00",14164,12.24,1156.014,1384.758,1227.539,2779.947
"2012-09-07 01:10:00",14165,12.24,1156.1,1384.903,1227.485,2779.756
"2012-09-07 01:20:00",14166,12.24,1156.269,1384.859,1227.447,2779.737
"2012-09-07 01:30:00",14167,12.23,1156.165,1384.734,1227.336,2779.828
"2012-09-07 01:40:00",14168,12.23,1156.059,1384.607,1227.224,2779.505
"2012-09-07 01:50:00",14169,12.23,1156.011,1385.371,1227.173,2780.417
"2012-09-07 02:00:00",14170,12.23,1155.988,1385.754,1227.422,2780.223
"2012-09-07 02:10:00",14171,12.23,1155.981,1385.677,1228.372,2780.344
"2012-09-07 02:20:00",14172,12.23,1156.047,1385.606,1228.302,2780.339
"2012-09-07 02:30:00",14173,12.23,1157.141,1385.879,1228.506,2780.679
"2012-09-07 02:40:00",14174,12.23,1157.332,1385.862,1228.491,2781.26
"2012-09-07 02:50:00",14175,12.23,1157.25,1385.764,1228.404,2781.063
"2012-09-07 03:00:00",14176,12.22,1157.085,1385.566,1228.229,2780.599
"2012-09-07 03:10:00",14177,12.22,1157.025,1385.493,1228.507,2780.589
"2012-09-07 03:20:00",14178,12.22,1156.992,1385.454,1228.403,2780.579
"2012-09-07 03:30:00",14179,12.22,1157.048,1385.521,1228.531,2780.987
"2012-09-07 03:40:00",14180,12.22,1157.119,1385.606,1228.744,2780.817
"2012-09-07 03:50:00",14181,12.22,1157.058,1385.533,1228.679,2780.875
"2012-09-07 04:00:00",14182,12.22,1157.043,1385.515,1229.278,2780.906
"2012-09-07 04:10:00",14183,12.22,1157.002,1385.466,1229.098,2780.808
"2012-09-07 04:20:00",14184,12.22,1156.991,1385.453,1229.224,2780.783
"2012-09-07 04:30:00",14185,12.22,1156.99,1385.452,1229.359,2780.848
"2012-09-07 04:40:00",14186,12.22,1156.963,1385.419,1229.262,2780.646
"2012-09-07 04:50:00",14187,12.21,1156.966,1385.423,1229.196,2780.516
"2012-09-07 05:00:00",14188,12.21,1156.978,1385.437,1229.483,2780.203
"2012-09-07 05:10:00",14189,12.21,1156.977,1385.437,1229.482,2780.681
"2012-09-07 05:20:00",14190,12.2,1156.987,1385.585,1229.492,2780.704
"2012-09-07 05:30:00",14191,12.2,1157.056,1385.941,1229.429,2780.938
"2012-09-07 05:40:00",14192,12.2,1157.063,1385.539,1229.505,2780.476
"2012-09-07 05:50:00",14193,12.2,1157.072,1385.55,1229.309,2780.428
"2012-09-07 06:00:00",14194,12.2,1157.117,1385.741,1229.631,2780.196
"2012-09-07 06:10:00",14195,12.2,1157.115,1385.875,1229.492,2780.807
"2012-09-07 06:20:00",14196,12.2,1157.133,1385.624,1229.648,2780.577
"2012-09-07 06:30:00",14197,12.2,1157.014,1385.48,1229.384,2779.947
"2012-09-07 06:40:00",14198,12.21,1156.969,1385.427,1229.064,2779.294
"2012-09-07 06:50:00",14199,12.23,1156.976,1385.367,1228.181,2779.036
"2012-09-07 07:00:00",14200,12.25,1156.895,1384.052,1227.826,2778.185
"2012-09-07 07:10:00",14201,12.26,1155.792,1383.358,1227.406,2778.027
"2012-09-07 07:20:00",14202,12.29,1155.584,1382.671,1226.925,2778.021
"2012-09-07 07:30:00",14203,12.32,1154.626,1382.464,1226.992,2778.019
"2012-09-07 07:40:00",14204,12.33,1154.215,1382.806,1226.65,2778.019
"2012-09-07 07:50:00",14205,12.42,1153.418,1382.56,1226.606,2778.075
"2012-09-07 08:00:00",14206,12.43,1152.857,1381.861,1226.387,2778.043
"2012-09-07 08:10:00",14207,12.48,1152.85,1382.399,1225.833,2777.889
"2012-09-07 08:20:00",14208,12.63,1152.848,1382.26,1226.309,2777.884
"2012-09-07 08:30:00",14209,12.79,1153.531,1381.849,1226.172,2777.951
"2012-09-07 08:40:00",14210,12.78,1153.668,1381.712,1226.513,2778.019
"2012-09-07 08:50:00",14211,12.64,1152.847,1381.575,1226.445,2777.745
"2012-09-07 09:00:00",14212,12.59,1152.779,1381.028,1225.761,2777.745
"2012-09-07 09:10:00",14213,12.62,1152.847,1380.617,1225.829,2777.471
"2012-09-07 09:20:00",14214,12.75,1152.847,1380.139,1225.351,2777.129
"2012-09-07 09:30:00",14215,12.96,1152.847,1379.933,1225.487,2777.129
"2012-09-07 09:40:00",14216,13.15,1152.847,1379.933,1225.077,2777.335
"2012-09-07 09:50:00",14217,13.23,1152.573,1379.386,1224.598,2777.198
"2012-09-07 10:00:00",14218,13.04,1152.232,1379.181,1224.53,2777.198
"2012-09-07 10:10:00",14219,13.01,1151.616,1379.044,1224.051,2776.719
"2012-09-07 10:20:00",14220,13.01,1151.454,1378.74,1223.887,2776.727
"2012-09-07 10:30:00",14221,13.23,1151.261,1378.305,1223.751,2776.262
"2012-09-07 10:40:00",14222,13.1,1151.137,1378.156,1223.414,2775.826
"2012-09-07 10:50:00",14223,13.13,1151.101,1378.523,1223.649,2775.739
"2012-09-07 11:00:00",14224,13.52,1151.09,1378.1,1223.227,2775.029
"2012-09-07 11:10:00",14225,13.47,1151.087,1377.959,1223.292,2775.226
"2012-09-07 11:20:00",14226,13.98,1151.086,1377.821,1223.018,2774.471
"2012-09-07 11:30:00",14227,13.54,1151.086,1378.094,1223.291,2774.744
"2012-09-07 11:40:00",14228,13.62,1150.539,1378.094,1223.154,2774.607
"2012-09-07 11:50:00",14229,13.58,1149.923,1378.026,1223.154,2774.471
"2012-09-07 12:00:00",14230,14.15,1150.607,1378.094,1222.949,2774.471
"2012-09-07 12:10:00",14231,14.18,1149.855,1378.026,1223.291,2775.018
"2012-09-07 12:20:00",14232,13.42,1149.718,1378.846,1223.154,2775.018
"2012-09-07 12:30:00",14233,13.44,1149.718,1378.026,1222.88,2774.813
"2012-09-07 12:40:00",14234,13.06,1149.718,1378.505,1223.427,2774.813
"2012-09-07 12:50:00",14235,13.02,1149.726,1377.967,1223.299,2774.353
"2012-09-07 13:00:00",14236,13.13,1149.766,1378.152,1223.41,2774.45
"2012-09-07 13:10:00",14237,13.27,1149.929,1378.483,1223.104,2775.115
"2012-09-07 13:20:00",14238,13.12,1150.003,1378.299,1223.458,2775.159
"2012-09-07 13:30:00",14239,13.44,1149.983,1377.797,1222.342,2774.974
"2012-09-07 13:40:00",14240,13.07,1149.974,1378.4,1223.289,2774.745
"2012-09-07 13:50:00",14241,13.11,1149.959,1378.52,1223.342,2774.915
"2012-09-07 14:00:00",14242,13.07,1149.985,1379.371,1223.574,2775.114
"2012-09-07 14:10:00",14243,13.2,1149.905,1378.934,1223.216,2774.922
"2012-09-07 14:20:00",14244,13.18,1149.856,1378.533,1223.301,2774.667
"2012-09-07 14:30:00",14245,13,1149.874,1378.145,1223.252,2774.711
"2012-09-07 14:40:00",14246,13.15,1149.674,1378.342,1222.774,2774.695
"2012-09-07 14:50:00",14247,12.98,1149.975,1378.608,1222.744,2775.092
"2012-09-07 15:00:00",14248,13.17,1151.278,1379.514,1223.914,2775.401
"2012-09-07 15:10:00",14249,12.96,1151.114,1379.085,1222.727,2775.638
"2012-09-07 15:20:00",14250,12.9,1150.104,1379.31,1223.155,2775.403
"2012-09-07 15:30:00",14251,13.12,1150.109,1378.973,1222.681,2775.551
"2012-09-07 15:40:00",14252,12.82,1149.974,1378.838,1223.093,2775.007
"2012-09-07 15:50:00",14253,13.27,1150.111,1379.044,1223.435,2775.008
"2012-09-07 16:00:00",14254,13.07,1150.179,1379.386,1223.572,2775.145
"2012-09-07 16:10:00",14255,12.73,1150.658,1379.249,1223.572,2775.35
